about.chisq : 8 senses, 43487 lines, 5365 significant
"" "h" "ah" "af" "c" "g" "l" "w" "wc" "ln" "pos" "ri" "s" "as" "cpa" "fn" "vn" "o"
"h" 42 120 6 1 202 2 1 3 15 6 0 30 63 0 2 0 7
"hl" 46 153 6 0 262 3 0 3 16 6 0 25 52 0 0 0 0
"l" 92 244 8 0 459 4 3 2 15 5 0 67 155 0 0 0 0
"vl" 83 183 5 0 370 2 2 0 8 3 0 56 139 0 0 0 0
"wl" 32 134 5 0 236 1 0 4 17 7 0 22 46 0 0 0 0
"c" 90 211 3 0 368 5 5 0 10 0 0 41 101 0 0 0 0
"hr" 102 243 4 1 437 6 6 0 11 0 0 57 120 0 0 0 63
above.chisq : 6 senses, 3523 lines, 1445 significant
"" "h" "ah" "af" "c" "g" "l" "w" "wc" "ln" "pos" "ri" "s" "as" "cpa" "fn" "vn" "o"
"h" 12 19 2 0 43 0 0 0 2 1 0 9 17 0 0 0 0
"hl" 11 20 0 0 21 0 0 0 1 1 0 0 0 0 0 0 0
"l" 20 44 2 0 74 1 0 0 5 1 0 12 30 0 0 0 0
"vl" 20 44 2 0 72 1 0 0 5 1 0 12 30 0 0 0 0
"wl" 11 21 0 0 20 0 0 0 1 1 0 0 0 0 0 0 0
"c" 61 112 0 0 171 1 1 0 1 0 0 28 47 0 0 0 0
"hr" 61 102 0 1 165 1 1 0 2 0 0 28 47 0 0 0 26
across.chisq : 3 senses, 19765 lines, 1525 significant
"" "h" "ah" "af" "c" "g" "l" "w" "wc" "ln" "pos" "ri" "s" "as" "cpa" "fn" "vn" "o"
"h" 18 49 1 0 110 0 0 0 5 1 0 5 17 0 0 0 0
"hl" 10 55 1 0 111 0 0 0 5 1 0 4 12 0 0 0 0
"l" 19 72 1 0 133 0 0 0 5 1 0 8 26 0 0 0 0
"vl" 18 42 1 0 108 0 0 0 2 1 0 8 26 0 0 0 0
"wl" 11 45 1 0 111 0 0 0 4 1 0 5 13 0 0 0 0
"c" 13 47 1 0 87 1 1 0 4 1 0 29 35 0 0 0 0
"hr" 16 48 1 0 91 1 1 0 4 1 0 29 35 0 0 0 12
after.chisq : 8 senses, 4646 lines, 2012 significant
"" "h" "ah" "af" "c" "g" "l" "w" "wc" "ln" "pos" "ri" "s" "as" "cpa" "fn" "vn" "o"
"h" 49 118 3 1 184 2 0 0 8 2 0 27 64 0 0 0 0
"hl" 21 68 3 0 99 1 1 3 9 5 0 12 40 0 0 0 0
"l" 50 113 2 0 183 2 1 2 9 5 0 28 72 0 0 0 0
"vl" 50 115 2 0 171 2 0 0 8 3 0 28 63 0 0 0 0
"wl" 14 48 3 1 81 0 1 1 7 5 0 1 15 0 0 0 0
"c" 7 28 2 1 38 2 2 0 5 3 0 7 12 0 0 0 0
"hr" 6 25 2 0 36 1 1 0 5 4 0 6 11 0 0 0 2
against.chisq : 6 senses, 14132 lines, 5158 significant
"" "h" "ah" "af" "c" "g" "l" "w" "wc" "ln" "pos" "ri" "s" "as" "cpa" "fn" "vn" "o"
"h" 57 193 7 0 259 4 2 2 17 4 0 30 131 0 5 0 13
"hl" 43 169 7 0 248 4 3 2 16 5 0 20 92 0 0 0 0
"l" 154 304 6 0 627 9 5 1 15 6 0 99 358 0 0 0 0
"vl" 124 176 3 0 488 3 2 0 5 3 0 78 242 0 0 0 0
"wl" 32 133 5 0 205 4 3 3 14 5 0 17 86 0 0 0 0
"c" 17 99 3 1 147 2 2 0 9 5 0 4 11 0 0 0 0
"hr" 18 97 3 1 144 2 2 0 9 5 0 4 11 0 0 0 14
along.chisq : 4 senses, 20998 lines, 2471 significant
"" "h" "ah" "af" "c" "g" "l" "w" "wc" "ln" "pos" "ri" "s" "as" "cpa" "fn" "vn" "o"
"h" 17 68 1 0 110 0 0 1 7 2 0 4 15 0 0 0 3
"hl" 6 43 8 0 39 0 0 2 4 2 0 1 1 0 0 0 0
"l" 28 98 7 0 97 0 0 1 5 3 0 5 13 0 0 0 0
"vl" 28 60 2 1 60 0 0 0 2 1 0 4 11 0 0 0 0
"wl" 4 44 4 0 39 0 0 2 5 3 0 0 1 0 0 0 0
"c" 65 167 1 0 315 3 1 0 9 1 0 66 120 0 0 0 0
"hr" 67 191 3 0 346 3 1 0 9 0 0 72 126 0 0 0 43
among.chisq : 4 senses, 4772 lines, 1570 significant
"" "h" "ah" "af" "c" "g" "l" "w" "wc" "ln" "pos" "ri" "s" "as" "cpa" "fn" "vn" "o"
"h" 8 43 2 0 58 0 0 2 8 1 0 3 12 0 1 0 1
"hl" 11 72 3 1 50 1 1 2 8 4 0 6 31 0 0 0 0
"l" 27 124 3 0 227 2 2 1 13 2 0 26 92 0 0 0 0
"vl" 20 62 4 0 194 1 1 0 8 1 0 22 65 0 0 0 0
"wl" 10 61 4 1 65 2 2 3 9 4 0 11 31 0 0 0 0
"c" 11 29 2 0 23 1 1 0 5 1 0 0 0 0 0 0 0
"hr" 7 24 1 0 25 1 1 0 4 1 0 0 0 0 0 0 4
around.chisq : 11 senses, 25916 lines, 9431 significant
"" "h" "ah" "af" "c" "g" "l" "w" "wc" "ln" "pos" "ri" "s" "as" "cpa" "fn" "vn" "o"
"h" 136 277 7 1 557 7 2 1 20 3 0 84 262 0 3 0 6
"hl" 93 258 6 0 483 6 3 2 19 5 0 74 178 0 0 0 0
"l" 181 391 6 0 790 9 7 1 20 4 0 136 363 0 0 0 0
"vl" 152 245 5 0 632 7 4 0 8 1 0 104 309 0 0 0 0
"wl" 95 251 6 0 461 5 3 2 19 5 0 73 157 0 0 0 0
"c" 136 346 7 1 557 10 9 1 19 4 1 63 93 0 0 0 0
"hr" 138 304 8 1 499 10 9 1 17 3 0 69 102 0 0 0 78
at.chisq : 15 senses, 42841 lines, 18866 significant
"" "h" "ah" "af" "c" "g" "l" "w" "wc" "ln" "pos" "ri" "s" "as" "cpa" "fn" "vn" "o"
"h" 265 488 11 0 1056 23 12 3 18 7 0 252 767 0 7 1 13
"hl" 178 397 11 1 866 26 15 3 25 9 0 215 670 0 0 0 0
"l" 384 637 11 1 1480 36 26 2 26 9 0 399 1208 0 0 0 0
"vl" 334 466 7 1 1183 22 16 0 14 4 0 287 887 0 0 0 0
"wl" 168 383 11 1 852 25 15 3 25 9 0 207 655 0 0 0 0
"c" 149 495 10 1 792 17 16 2 21 7 0 94 197 0 0 0 0
"hr" 149 484 10 1 801 18 17 1 21 5 0 106 217 0 0 0 102
before.chisq : 3 senses, 1629 lines, 445 significant
"" "h" "ah" "af" "c" "g" "l" "w" "wc" "ln" "pos" "ri" "s" "as" "cpa" "fn" "vn" "o"
"h" 13 7 2 0 28 0 0 0 4 3 0 6 10 0 0 0 0
"hl" 7 17 3 0 38 0 0 2 6 2 0 6 8 0 0 0 0
"l" 11 14 2 0 31 0 0 1 4 3 0 6 11 0 0 0 0
"vl" 12 12 2 0 30 0 0 0 4 3 0 6 11 0 0 0 0
"wl" 5 11 3 0 25 0 0 2 3 2 0 0 0 0 0 0 0
"c" 0 26 3 1 6 1 1 0 4 2 0 0 0 0 0 0 0
"hr" 0 15 0 0 5 0 0 0 3 2 0 0 0 0 0 0 0
behind.chisq : 7 senses, 10002 lines, 3291 significant
"" "h" "ah" "af" "c" "g" "l" "w" "wc" "ln" "pos" "ri" "s" "as" "cpa" "fn" "vn" "o"
"h" 49 109 2 0 202 1 1 0 4 2 0 37 93 0 0 0 0
"hl" 60 110 2 0 269 2 1 1 6 3 0 52 143 0 0 0 0
"l" 75 145 1 0 319 3 1 1 8 2 0 71 162 0 0 0 0
"vl" 75 121 0 0 292 2 1 0 4 1 0 70 156 0 0 0 0
"wl" 19 39 2 0 113 2 1 2 6 4 0 19 40 0 0 0 0
"c" 12 71 0 1 81 2 2 1 9 3 0 1 2 0 0 0 0
"hr" 12 72 2 1 87 2 2 2 9 4 0 1 2 0 0 0 4
below.chisq : 2 senses, 857 lines, 63 significant
"" "h" "ah" "af" "c" "g" "l" "w" "wc" "ln" "pos" "ri" "s" "as" "cpa" "fn" "vn" "o"
"h" 3 4 0 0 0 0 0 0 0 0 0 0 0 0 0 0 0
"hl" 0 4 0 0 2 0 0 0 0 0 0 0 0 0 0 0 0
"l" 4 8 0 0 6 0 0 0 1 1 0 0 0 0 0 0 0
"vl" 4 4 0 0 5 0 0 0 1 1 0 0 0 0 0 0 0
"wl" 0 4 0 0 2 0 0 0 0 0 0 0 0 0 0 0 0
"c" 0 4 0 0 0 0 0 0 0 0 0 0 0 0 0 0 0
"hr" 0 4 0 0 0 0 0 0 1 0 0 0 0 0 0 0 0
beneath.chisq : 4 senses, 2765 lines, 884 significant
"" "h" "ah" "af" "c" "g" "l" "w" "wc" "ln" "pos" "ri" "s" "as" "cpa" "fn" "vn" "o"
"h" 11 19 2 0 61 1 0 1 1 1 0 10 25 0 0 0 0
"hl" 11 20 2 0 53 1 0 1 2 1 0 10 25 0 0 0 0
"l" 12 24 2 0 66 1 0 1 4 1 0 10 25 0 0 0 0
"vl" 12 20 2 0 65 1 0 0 4 1 0 10 25 0 0 0 0
"wl" 11 21 2 0 56 1 0 1 2 1 0 10 25 0 0 0 0
"c" 6 13 3 0 53 1 1 0 0 0 0 6 17 0 0 0 0
"hr" 6 16 2 0 56 1 1 0 1 0 0 6 17 0 0 0 4
between.chisq : 8 senses, 12910 lines, 6708 significant
"" "h" "ah" "af" "c" "g" "l" "w" "wc" "ln" "pos" "ri" "s" "as" "cpa" "fn" "vn" "o"
"h" 152 267 9 0 532 10 8 2 20 7 0 90 259 0 9 0 17
"hl" 157 273 9 0 523 12 10 2 21 6 0 90 263 0 0 0 0
"l" 164 269 9 0 565 13 11 1 17 5 0 107 310 0 0 0 0
"vl" 92 104 7 0 339 4 1 0 3 3 0 57 168 0 0 0 0
"wl" 156 274 9 0 521 12 10 3 22 7 0 90 264 0 0 0 0
"c" 12 62 0 0 71 0 0 0 7 1 0 8 10 0 0 0 0
"hr" 11 60 0 1 67 0 0 0 8 2 0 7 8 0 0 0 8
beyond.chisq : 5 senses, 1661 lines, 61 significant
"" "h" "ah" "af" "c" "g" "l" "w" "wc" "ln" "pos" "ri" "s" "as" "cpa" "fn" "vn" "o"
"h" 0 6 0 0 6 0 0 0 0 0 0 0 1 0 0 0 0
"hl" 0 0 0 0 0 0 0 1 1 1 0 0 0 0 0 0 0
"l" 1 2 0 0 6 0 0 1 1 1 0 0 0 0 0 0 0
"vl" 1 2 0 0 5 0 0 0 0 0 0 0 0 0 0 0 0
"wl" 0 0 0 0 0 0 0 1 1 1 0 0 0 0 0 0 0
"c" 0 4 1 0 5 0 0 0 1 0 0 0 0 0 0 0 0
"hr" 0 4 0 0 3 0 0 0 1 0 0 0 1 0 0 0 2
by.chisq : 13 senses, 41816 lines, 21358 significant
"" "h" "ah" "af" "c" "g" "l" "w" "wc" "ln" "pos" "ri" "s" "as" "cpa" "fn" "vn" "o"
"h" 468 786 10 0 1425 30 17 2 19 7 0 370 1000 0 13 1 39
"hl" 357 713 9 0 1196 25 16 2 28 9 0 271 802 0 0 0 0
"l" 500 877 13 0 1462 36 21 1 25 7 0 395 1117 0 0 0 0
"vl" 400 572 9 0 1206 26 15 0 12 4 0 322 891 0 0 0 0
"wl" 348 696 9 0 1128 21 15 3 29 9 0 241 715 0 0 0 0
"c" 112 343 8 1 611 6 6 1 22 5 0 56 102 0 0 0 0
"hr" 112 353 8 1 584 6 6 1 21 4 0 57 105 0 0 0 87
down.chisq : 7 senses, 29231 lines, 11070 significant
"" "h" "ah" "af" "c" "g" "l" "w" "wc" "ln" "pos" "ri" "s" "as" "cpa" "fn" "vn" "o"
"h" 242 319 4 0 771 18 9 1 7 2 0 217 521 0 1 0 0
"hl" 212 294 3 0 676 16 7 0 8 1 0 179 421 0 0 0 0
"l" 240 309 4 0 761 19 10 0 8 3 0 219 522 0 0 0 0
"vl" 240 294 4 0 774 20 10 0 6 2 0 220 525 0 0 0 0
"wl" 152 224 3 0 565 11 7 0 12 4 0 151 360 0 0 0 0
"c" 36 135 5 1 241 7 7 1 11 3 1 21 37 0 0 0 0
"hr" 85 216 5 1 372 14 14 1 11 4 0 55 125 0 0 0 53
during.chisq : 3 senses, 9364 lines, 1265 significant
"" "h" "ah" "af" "c" "g" "l" "w" "wc" "ln" "pos" "ri" "s" "as" "cpa" "fn" "vn" "o"
"h" 35 65 0 0 98 0 0 0 0 1 0 28 66 0 0 0 0
"hl" 0 26 1 0 11 0 0 0 5 1 0 0 0 0 0 0 0
"l" 33 87 1 0 124 0 0 0 6 2 0 27 65 0 0 0 0
"vl" 33 62 0 0 102 0 0 0 1 1 0 26 63 0 0 0 0
"wl" 0 26 1 0 11 0 0 0 5 0 0 0 0 0 0 0 0
"c" 7 51 2 0 55 0 0 0 6 0 0 1 1 0 0 0 0
"hr" 7 51 2 0 53 0 0 0 6 0 0 1 1 0 0 0 8
for.chisq : 14 senses, 49828 lines, 26568 significant
"" "h" "ah" "af" "c" "g" "l" "w" "wc" "ln" "pos" "ri" "s" "as" "cpa" "fn" "vn" "o"
"h" 462 831 19 1 1499 33 25 3 28 8 0 353 1029 0 30 4 58
"hl" 295 719 20 1 1517 37 32 3 32 12 0 313 952 0 0 0 0
"l" 650 1105 20 1 2242 61 51 2 33 9 0 596 1787 0 0 0 0
"vl" 498 648 10 1 1563 28 20 0 15 3 0 386 1278 0 0 0 0
"wl" 293 715 20 1 1502 36 32 3 31 11 0 304 921 0 0 0 0
"c" 154 484 7 1 721 15 14 1 14 8 0 73 178 0 0 0 0
"hr" 146 471 6 1 682 15 14 1 16 8 0 75 181 0 0 0 90
from.chisq : 19 senses, 77040 lines, 37675 significant
"" "h" "ah" "af" "c" "g" "l" "w" "wc" "ln" "pos" "ri" "s" "as" "cpa" "fn" "vn" "o"
"h" 754 1077 17 0 2293 53 20 3 25 7 0 742 2003 1 27 8 73
"hl" 581 968 14 0 1849 44 19 3 33 8 0 550 1445 0 0 0 0
"l" 871 1215 16 0 2556 76 36 2 32 9 0 895 2483 0 0 0 0
"vl" 681 819 15 0 2160 52 20 0 14 5 0 739 2137 0 0 0 0
"wl" 561 947 14 0 1736 42 19 4 34 9 0 511 1361 0 0 0 0
"c" 253 690 9 1 1104 10 8 1 23 7 0 115 242 0 0 0 0
"hr" 232 673 7 1 1063 8 7 0 22 7 0 100 233 0 0 0 171
in.chisq : 17 senses, 78479 lines, 32420 significant
"" "h" "ah" "af" "c" "g" "l" "w" "wc" "ln" "pos" "ri" "s" "as" "cpa" "fn" "vn" "o"
"h" 602 952 13 0 1776 53 29 3 28 9 0 583 1611 0 28 3 43
"hl" 418 803 13 1 1429 42 26 3 31 10 0 346 924 0 0 0 0
"l" 693 1124 12 0 2085 78 51 2 30 12 0 705 1937 0 0 0 0
"vl" 507 705 12 0 1558 48 29 0 13 6 0 540 1485 0 0 0 0
"wl" 410 790 12 0 1426 40 23 4 32 9 0 325 891 0 0 0 0
"c" 398 852 9 1 1346 21 21 1 25 6 0 232 552 0 0 0 0
"hr" 385 822 9 1 1318 20 21 0 23 4 0 228 540 0 0 0 212
inside.chisq : 5 senses, 5063 lines, 1774 significant
"" "h" "ah" "af" "c" "g" "l" "w" "wc" "ln" "pos" "ri" "s" "as" "cpa" "fn" "vn" "o"
"h" 43 81 1 0 122 1 0 0 5 3 0 22 65 0 0 0 0
"hl" 42 79 1 0 120 1 0 0 7 3 0 22 65 0 0 0 0
"l" 42 71 1 0 120 1 0 0 3 2 0 22 66 0 0 0 0
"vl" 43 72 1 0 114 1 0 0 3 1 0 22 66 0 0 0 0
"wl" 40 83 0 0 129 1 0 1 7 3 0 22 65 0 0 0 0
"c" 0 20 2 0 15 1 1 1 2 2 1 0 0 0 0 0 0
"hr" 1 24 0 0 11 1 1 0 1 1 0 1 1 0 0 0 2
into.chisq : 10 senses, 42675 lines, 18308 significant
"" "h" "ah" "af" "c" "g" "l" "w" "wc" "ln" "pos" "ri" "s" "as" "cpa" "fn" "vn" "o"
"h" 391 652 7 1 1182 21 6 1 18 4 0 338 915 0 9 4 6
"hl" 186 449 12 0 681 12 5 3 23 7 0 138 359 0 0 0 0
"l" 420 749 13 1 1332 28 8 2 24 7 0 376 1020 0 0 0 0
"vl" 396 611 8 1 1247 22 6 0 13 3 0 356 943 0 0 0 0
"wl" 162 429 11 0 638 7 4 3 23 7 0 124 300 0 0 0 0
"c" 175 355 6 1 690 14 11 0 17 3 0 168 311 0 0 0 0
"hr" 171 351 6 1 674 13 12 0 18 3 0 166 312 0 0 0 106
like.chisq : 7 senses, 13738 lines, 4374 significant
"" "h" "ah" "af" "c" "g" "l" "w" "wc" "ln" "pos" "ri" "s" "as" "cpa" "fn" "vn" "o"
"h" 66 160 6 0 256 4 4 1 9 5 0 29 114 1 1 0 2
"hl" 57 110 7 0 226 5 4 0 7 6 0 28 116 0 0 0 0
"l" 109 257 9 0 526 5 4 0 11 6 0 56 186 0 0 0 0
"vl" 94 222 5 0 492 2 3 0 9 4 0 53 153 0 0 0 0
"wl" 50 121 6 0 213 5 4 1 9 6 0 28 113 0 0 0 0
"c" 10 68 0 1 62 3 3 1 5 3 0 13 19 0 0 0 0
"hr" 13 70 0 1 61 3 3 1 5 4 0 13 19 0 0 0 7
of.chisq : 19 senses, 134209 lines, 72997 significant
"" "h" "ah" "af" "c" "g" "l" "w" "wc" "ln" "pos" "ri" "s" "as" "cpa" "fn" "vn" "o"
"h" 1483 2421 21 1 4162 199 154 3 41 10 0 1597 3469 0 95 1 596
"hl" 1460 2363 22 1 4100 202 151 3 40 11 0 1579 3389 0 0 0 0
"l" 1902 2919 21 1 4723 244 197 2 42 10 0 2036 4312 0 0 0 0
"vl" 595 823 9 1 2093 49 46 0 15 5 0 626 1854 0 0 0 0
"wl" 1453 2358 22 1 4101 198 149 4 41 12 0 1576 3381 0 0 0 0
"c" 561 1132 13 1 1668 48 46 2 29 10 0 389 791 0 0 0 0
"hr" 560 1118 14 1 1639 46 45 3 30 9 0 387 777 0 0 0 283
off.chisq : 6 senses, 23721 lines, 10989 significant
"" "h" "ah" "af" "c" "g" "l" "w" "wc" "ln" "pos" "ri" "s" "as" "cpa" "fn" "vn" "o"
"h" 242 391 2 1 929 7 4 1 16 6 0 181 492 1 3 1 0
"hl" 130 331 5 1 601 4 3 2 21 7 0 103 239 0 0 0 0
"l" 251 473 4 1 995 7 4 1 27 8 0 182 502 0 0 0 0
"vl" 248 381 2 1 948 7 3 0 13 4 0 182 480 0 0 0 0
"wl" 128 324 5 1 561 4 3 3 22 8 0 99 236 0 0 0 0
"c" 32 177 4 1 280 1 0 1 16 3 1 9 19 0 0 0 0
"hr" 56 179 0 1 263 0 1 1 11 3 0 12 35 0 0 0 41
on.chisq : 27 senses, 55074 lines, 27398 significant
"" "h" "ah" "af" "c" "g" "l" "w" "wc" "ln" "pos" "ri" "s" "as" "cpa" "fn" "vn" "o"
"h" 459 791 12 0 1530 33 11 3 35 5 0 359 1109 0 23 5 47
"hl" 290 696 10 1 1117 30 21 2 37 9 0 193 612 0 0 0 0
"l" 675 1152 12 1 2189 59 29 1 37 7 0 589 1763 0 0 0 0
"vl" 549 752 7 0 1840 39 11 0 15 2 0 515 1536 0 0 0 0
"wl" 279 676 10 1 1140 27 20 3 37 9 0 189 610 0 0 0 0
"c" 262 602 8 1 1082 14 12 0 23 5 0 148 303 0 0 0 0
"hr" 268 596 10 1 1134 14 11 1 25 6 0 159 324 0 0 0 168
onto.0chisq : 4 senses, 7491 lines, 779 significant
"" "h" "ah" "af" "c" "g" "l" "w" "wc" "ln" "pos" "ri" "s" "as" "cpa" "fn" "vn" "o"
"h" 22 32 2 0 62 0 0 0 3 2 0 6 17 0 0 0 0
"hl" 10 16 1 0 13 0 0 0 1 2 0 0 0 0 0 0 0
"l" 20 53 2 0 76 0 0 0 3 2 0 6 20 0 0 0 0
"vl" 21 50 1 0 72 0 0 0 3 2 0 6 19 0 0 0 0
"wl" 10 17 2 0 17 0 0 0 1 1 0 0 0 0 0 0 0
"c" 5 24 1 0 56 0 0 0 4 0 0 0 1 0 0 0 0
"hr" 5 25 1 0 55 0 0 0 4 0 0 0 1 0 0 0 4
out.chisq : 8 senses, 26975 lines, 7274 significant
"" "h" "ah" "af" "c" "g" "l" "w" "wc" "ln" "pos" "ri" "s" "as" "cpa" "fn" "vn" "o"
"h" 157 228 5 0 606 7 4 1 9 2 0 109 275 0 0 0 0
"hl" 116 236 5 0 468 6 5 1 11 5 0 87 221 0 0 0 0
"l" 153 241 5 0 604 7 5 1 14 3 0 104 278 0 0 0 0
"vl" 153 209 4 0 584 6 4 0 9 1 0 99 256 0 0 0 0
"wl" 121 253 6 0 494 8 7 1 12 6 0 93 231 0 0 0 0
"c" 0 1 0 0 1 0 0 1 0 0 1 0 0 0 0 0 0
"hr" 64 229 5 1 254 3 2 1 13 3 0 46 79 0 0 0 34
outside.chisq : 5 senses, 2709 lines, 88 significant
"" "h" "ah" "af" "c" "g" "l" "w" "wc" "ln" "pos" "ri" "s" "as" "cpa" "fn" "vn" "o"
"h" 0 3 0 0 14 0 0 0 1 0 0 0 0 0 0 0 0
"hl" 0 0 0 0 2 0 0 0 0 0 0 0 0 0 0 0 0
"l" 1 5 0 1 13 0 0 0 1 0 0 0 0 0 0 0 0
"vl" 1 5 0 0 10 0 0 0 1 0 0 0 0 0 0 0 0
"wl" 0 0 0 0 2 0 0 0 0 0 0 0 0 0 0 0 0
"c" 0 5 1 0 4 0 0 0 2 0 0 0 0 0 0 0 0
"hr" 0 7 0 0 7 0 0 0 2 0 0 0 0 0 0 0 0
over.chisq : 12 senses, 14666 lines, 8325 significant
"" "h" "ah" "af" "c" "g" "l" "w" "wc" "ln" "pos" "ri" "s" "as" "cpa" "fn" "vn" "o"
"h" 109 270 6 0 507 8 4 2 21 3 0 107 276 0 5 0 18
"hl" 81 223 7 0 341 6 3 1 23 3 0 66 154 0 0 0 0
"l" 223 436 6 0 781 11 4 0 24 1 0 160 435 0 0 0 0
"vl" 175 290 1 0 635 7 2 0 9 0 0 127 368 0 0 0 0
"wl" 64 176 7 0 271 5 3 1 21 3 0 44 105 0 0 0 0
"c" 108 254 4 1 328 3 3 0 12 1 0 40 68 0 0 0 0
"hr" 106 244 3 1 330 3 3 0 10 1 0 41 68 0 0 0 54
past.chisq : 4 senses, 6441 lines, 2050 significant
"" "h" "ah" "af" "c" "g" "l" "w" "wc" "ln" "pos" "ri" "s" "as" "cpa" "fn" "vn" "o"
"h" 39 102 0 0 155 1 0 0 5 1 0 11 30 0 0 0 0
"hl" 31 90 0 0 136 1 0 0 8 1 0 7 23 0 0 0 0
"l" 61 153 0 0 241 1 0 0 8 2 0 17 42 0 0 0 0
"vl" 61 130 0 0 225 1 0 0 5 1 0 16 40 0 0 0 0
"wl" 31 92 0 0 135 1 0 1 8 1 0 7 23 0 0 0 0
"c" 0 28 0 0 14 0 0 0 3 0 0 0 0 0 0 0 0
"hr" 2 35 1 0 19 0 0 0 4 0 0 0 0 0 0 0 0
round.chisq : 9 senses, 15894 lines, 6244 significant
"" "h" "ah" "af" "c" "g" "l" "w" "wc" "ln" "pos" "ri" "s" "as" "cpa" "fn" "vn" "o"
"h" 111 198 1 0 396 6 2 1 9 0 0 66 173 0 0 0 0
"hl" 101 275 3 0 412 6 3 2 18 4 0 68 155 0 0 0 0
"l" 144 313 2 0 532 8 4 1 18 2 0 87 197 0 0 0 0
"vl" 123 203 0 0 431 6 2 0 8 0 0 69 175 0 0 0 0
"wl" 49 173 2 0 271 3 2 3 18 5 0 25 56 0 0 0 0
"c" 46 129 3 0 201 3 3 1 12 2 1 15 21 0 0 0 0
"hr" 90 217 6 0 359 7 7 1 11 3 0 40 69 0 0 0 55
through.chisq : 23 senses, 30274 lines, 12753 significant
"" "h" "ah" "af" "c" "g" "l" "w" "wc" "ln" "pos" "ri" "s" "as" "cpa" "fn" "vn" "o"
"h" 259 442 6 0 858 11 2 0 15 1 0 190 540 0 6 0 3
"hl" 237 470 4 0 736 10 4 1 22 3 0 114 291 0 0 0 0
"l" 326 612 6 0 1063 15 4 1 22 3 0 223 611 0 0 0 0
"vl" 258 423 4 0 825 10 1 0 12 1 0 183 510 0 0 0 0
"wl" 216 443 2 0 675 9 4 1 19 3 0 103 270 0 0 0 0
"c" 65 214 3 0 398 6 5 0 8 1 0 40 82 0 0 0 0
"hr" 63 216 3 0 386 5 5 0 8 1 0 36 73 0 0 0 52
throughout.chisq : 2 senses, 3934 lines, 2941 significant
"" "h" "ah" "af" "c" "g" "l" "w" "wc" "ln" "pos" "ri" "s" "as" "cpa" "fn" "vn" "o"
"h" 80 110 0 0 298 1 0 0 3 0 0 60 161 0 0 0 0
"hl" 39 58 1 0 128 1 1 0 2 0 0 20 47 0 0 0 0
"l" 113 158 1 0 368 2 1 0 4 0 0 80 201 0 0 0 0
"vl" 75 103 0 0 298 1 0 0 2 0 0 60 161 0 0 0 0
"wl" 39 57 1 0 128 1 1 0 2 0 0 20 48 0 0 0 0
"c" 0 3 0 0 0 0 0 0 0 0 0 0 0 0 0 0 0
"hr" 0 3 0 0 0 0 0 0 0 0 0 0 0 0 0 0 0
to.chisq : 12 senses, 65513 lines, 29613 significant
"" "h" "ah" "af" "c" "g" "l" "w" "wc" "ln" "pos" "ri" "s" "as" "cpa" "fn" "vn" "o"
"h" 433 707 18 1 1710 38 24 4 23 9 0 443 1391 0 34 4 24
"hl" 348 698 17 1 1518 32 26 3 31 10 0 334 1049 0 0 0 0
"l" 600 980 18 1 2130 59 42 2 28 11 0 561 1754 0 0 0 0
"vl" 488 662 9 1 1587 39 25 0 10 6 0 431 1331 0 0 0 0
"wl" 335 674 16 1 1441 30 26 3 31 10 0 326 1015 0 0 0 0
"c" 303 725 10 1 1252 21 21 2 29 7 0 161 321 0 0 0 0
"hr" 318 754 11 1 1253 22 21 1 24 6 0 182 367 0 0 0 187
towards.chisq : 4 senses, 16371 lines, 2091 significant
"" "h" "ah" "af" "c" "g" "l" "w" "wc" "ln" "pos" "ri" "s" "as" "cpa" "fn" "vn" "o"
"h" 22 64 9 0 226 1 0 3 10 3 0 14 56 0 1 0 1
"hl" 10 54 11 0 121 0 0 3 9 4 0 1 20 0 0 0 0
"l" 28 109 11 0 353 2 1 2 11 4 0 21 107 0 0 0 0
"vl" 24 66 2 0 246 2 1 0 4 1 0 20 73 0 0 0 0
"wl" 6 53 10 0 119 0 0 3 8 4 0 1 18 0 0 0 0
"c" 5 42 1 0 24 0 0 0 3 1 0 0 0 0 0 0 0
"hr" 5 29 1 0 22 0 0 0 2 1 0 0 0 0 0 0 2
under.chisq : 13 senses, 11312 lines, 2900 significant
"" "h" "ah" "af" "c" "g" "l" "w" "wc" "ln" "pos" "ri" "s" "as" "cpa" "fn" "vn" "o"
"h" 30 89 4 0 144 1 0 1 12 1 0 17 44 0 0 0 2
"hl" 25 108 2 0 119 1 0 1 10 2 0 10 20 0 0 0 0
"l" 52 145 4 0 276 2 0 1 12 2 0 33 93 0 0 0 0
"vl" 40 76 3 0 220 2 0 0 5 1 0 30 82 0 0 0 0
"wl" 25 98 1 0 118 1 0 0 10 2 0 10 20 0 0 0 0
"c" 29 132 5 1 192 3 3 0 11 3 0 18 35 0 0 0 0
"hr" 29 132 6 1 198 3 3 0 11 3 0 18 35 0 0 0 22
underneath.chisq : 2 senses, 284 lines, 74 significant
"" "h" "ah" "af" "c" "g" "l" "w" "wc" "ln" "pos" "ri" "s" "as" "cpa" "fn" "vn" "o"
"h" 1 2 0 0 13 0 0 0 1 0 0 0 0 0 0 0 0
"hl" 0 1 0 0 13 0 0 0 2 0 0 0 0 0 0 0 0
"l" 1 2 0 0 10 0 0 0 1 0 0 0 0 0 0 0 0
"vl" 1 2 0 0 7 0 0 0 1 0 0 0 0 0 0 0 0
"wl" 0 1 0 0 13 0 0 0 2 0 0 0 0 0 0 0 0
"c" 0 0 0 0 0 0 0 0 0 0 0 0 0 0 0 0 0
"hr" 0 0 0 0 0 0 0 0 0 0 0 0 0 0 0 0 0
up.chisq : 6 senses, 20797 lines, 4314 significant
"" "h" "ah" "af" "c" "g" "l" "w" "wc" "ln" "pos" "ri" "s" "as" "cpa" "fn" "vn" "o"
"h" 59 86 0 1 280 6 3 0 6 3 0 57 140 0 0 0 0
"hl" 54 87 0 1 253 5 2 0 8 3 0 45 122 0 0 0 0
"l" 53 87 0 1 279 6 3 0 5 3 0 58 144 0 0 0 0
"vl" 53 83 0 1 282 5 3 0 5 3 0 57 141 0 0 0 0
"wl" 54 92 2 1 251 4 3 1 10 4 0 46 123 0 0 0 0
"c" 29 133 2 1 202 5 5 1 11 4 1 16 29 0 0 0 0
"hr" 72 191 2 1 315 13 12 1 10 4 0 52 82 0 0 0 36
upon.chisq : 5 senses, 3931 lines, 2482 significant
"" "h" "ah" "af" "c" "g" "l" "w" "wc" "ln" "pos" "ri" "s" "as" "cpa" "fn" "vn" "o"
"h" 57 103 4 0 200 4 2 1 13 1 0 37 112 0 1 0 2
"hl" 30 80 4 0 147 3 2 1 15 1 0 25 79 0 0 0 0
"l" 60 123 3 0 217 4 2 1 16 1 0 36 113 0 0 0 0
"vl" 56 88 1 0 191 2 1 0 10 0 0 33 104 0 0 0 0
"wl" 29 74 4 0 139 3 2 2 14 1 0 25 78 0 0 0 0
"c" 1 32 1 0 26 1 1 0 5 1 0 0 0 0 0 0 0
"hr" 1 28 0 0 21 0 0 0 5 1 0 0 0 0 0 0 1
via.chisq : 4 senses, 1861 lines, 49 significant
"" "h" "ah" "af" "c" "g" "l" "w" "wc" "ln" "pos" "ri" "s" "as" "cpa" "fn" "vn" "o"
"h" 2 5 0 0 1 0 0 0 0 0 0 0 0 0 0 0 0
"hl" 0 2 0 0 4 0 0 0 0 0 0 0 0 0 0 0 0
"l" 2 7 0 0 6 0 0 0 1 0 0 0 0 0 0 0 0
"vl" 2 5 0 0 3 0 0 0 1 0 0 0 0 0 0 0 0
"wl" 0 2 0 0 4 0 0 0 0 0 0 0 0 0 0 0 0
"c" 0 0 0 0 0 0 0 0 1 0 0 0 0 0 0 0 0
"hr" 0 0 0 0 0 0 0 0 1 0 0 0 0 0 0 0 0
with.chisq : 26 senses, 65976 lines, 36012 significant
"" "h" "ah" "af" "c" "g" "l" "w" "wc" "ln" "pos" "ri" "s" "as" "cpa" "fn" "vn" "o"
"h" 673 1024 18 0 2119 53 20 3 32 9 0 629 1884 1 31 8 51
"hl" 471 843 17 1 1575 48 25 3 37 10 0 442 1312 0 0 0 0
"l" 824 1211 16 1 2595 76 40 2 38 11 0 829 2418 0 0 0 0
"vl" 666 851 8 1 2140 47 21 0 15 6 0 674 2040 0 0 0 0
"wl" 415 765 17 1 1424 48 24 3 37 10 0 385 1170 0 0 0 0
"c" 269 691 13 1 1191 18 16 1 30 7 0 167 488 0 0 0 0
"hr" 260 677 12 1 1148 18 16 1 26 7 0 165 484 0 0 0 137
within.chisq : 7 senses, 2421 lines, 201 significant
"" "h" "ah" "af" "c" "g" "l" "w" "wc" "ln" "pos" "ri" "s" "as" "cpa" "fn" "vn" "o"
"h" 4 19 1 0 20 0 0 0 1 0 0 0 0 0 0 0 0
"hl" 0 2 0 0 1 0 0 0 0 0 0 0 0 0 0 0 0
"l" 5 14 0 0 10 0 0 0 0 0 0 0 0 0 0 0 0
"vl" 4 14 0 0 13 0 0 0 0 0 0 0 0 0 0 0 0
"wl" 0 2 0 0 2 0 0 0 0 0 0 0 0 0 0 0 0
"c" 5 17 0 0 15 1 1 0 4 1 0 3 3 0 0 0 0
"hr" 5 16 0 0 8 1 1 0 1 0 0 3 3 0 0 0 1
without.chisq : 3 senses, 772 lines, 18 significant
"" "h" "ah" "af" "c" "g" "l" "w" "wc" "ln" "pos" "ri" "s" "as" "cpa" "fn" "vn" "o"
"h" 0 0 1 0 0 0 0 0 0 0 0 0 0 0 0 0 0
"hl" 0 0 0 0 4 0 0 0 0 0 0 0 0 0 0 0 0
"l" 0 0 1 0 2 0 0 0 0 0 0 0 0 0 0 0 0
"vl" 0 0 1 0 0 0 0 0 0 0 0 0 0 0 0 0 0
"wl" 0 0 0 0 2 0 0 0 0 0 0 0 0 0 0 0 0
"c" 0 2 0 0 2 0 0 0 0 0 0 0 0 0 0 0 0
"hr" 0 2 0 0 1 0 0 0 0 0 0 0 0 0 0 0 0
