aboard.chisq : 2 senses, 14281 lines, 1350 significant
"" "h" "ah" "af" "c" "g" "l" "w" "wc" "ln" "pos" "ri" "s" "as" "cpa" "fn" "vn" "o"
"h" 18 57 2 0 125 0 0 0 3 1 0 17 33 0 0 0 0
"hl" 0 0 0 1 0 0 0 0 0 1 0 0 0 0 0 0 0
"l" 43 78 2 1 192 1 1 0 0 2 0 55 154 0 0 0 0
"vl" 43 78 3 0 195 1 1 0 0 1 0 55 154 0 0 0 0
"wl" 0 0 0 0 0 0 0 0 0 1 0 0 0 0 0 0 0
"c" 0 13 1 0 0 0 0 0 1 0 0 0 0 0 0 0 0
"hr" 0 13 2 0 0 0 0 0 1 0 0 0 0 0 0 0 0
about.chisq : 6 senses, 13098 lines, 1731 significant
"" "h" "ah" "af" "c" "g" "l" "w" "wc" "ln" "pos" "ri" "s" "as" "cpa" "fn" "vn" "o"
"h" 12 56 2 0 151 0 0 0 10 1 0 6 16 0 1 0 2
"hl" 11 33 1 0 87 0 0 0 6 1 0 6 17 0 0 0 0
"l" 54 80 0 0 186 2 0 0 3 0 0 36 93 0 0 0 0
"vl" 51 74 0 0 197 2 0 0 2 0 0 35 94 0 0 0 0
"wl" 12 38 3 0 109 0 0 0 8 1 0 6 16 0 0 0 0
"c" 2 15 0 0 33 0 0 0 3 1 0 0 3 0 0 0 0
"hr" 7 33 0 0 97 0 0 0 4 1 0 0 3 0 0 0 8
above.chisq : 10 senses, 12348 lines, 4059 significant
"" "h" "ah" "af" "c" "g" "l" "w" "wc" "ln" "pos" "ri" "s" "as" "cpa" "fn" "vn" "o"
"h" 50 117 1 0 205 3 1 1 8 1 0 57 166 0 0 0 1
"hl" 42 105 2 0 191 2 1 0 4 0 0 42 93 0 0 0 0
"l" 66 131 1 0 218 2 1 0 4 0 0 53 122 0 0 0 0
"vl" 42 64 0 0 128 1 0 0 0 0 0 38 104 0 0 0 0
"wl" 16 90 1 0 157 3 3 1 11 3 0 15 23 0 0 0 0
"c" 80 220 3 1 352 3 2 2 17 5 0 41 75 0 0 0 0
"hr" 79 222 5 1 377 3 2 1 17 4 0 41 75 0 0 0 40
according to.chisq : 4 senses, 10262 lines, 2580 significant
"" "h" "ah" "af" "c" "g" "l" "w" "wc" "ln" "pos" "ri" "s" "as" "cpa" "fn" "vn" "o"
"h" 27 41 3 0 203 2 2 0 3 3 0 29 109 0 0 0 0
"hl" 21 30 1 1 78 1 1 2 9 3 0 12 57 0 0 0 0
"l" 24 20 1 1 92 1 1 1 3 3 0 19 69 0 0 0 0
"vl" 20 13 5 0 95 1 1 0 0 2 0 19 70 0 0 0 0
"wl" 20 70 6 1 238 2 2 2 16 7 0 13 62 0 0 0 0
"c" 49 150 4 1 236 2 1 0 9 2 0 18 41 0 0 0 0
"hr" 47 138 5 1 235 2 1 0 12 2 0 18 38 0 0 0 30
across.chisq : 4 senses, 14684 lines, 2240 significant
"" "h" "ah" "af" "c" "g" "l" "w" "wc" "ln" "pos" "ri" "s" "as" "cpa" "fn" "vn" "o"
"h" 27 85 1 0 120 1 1 2 6 3 0 20 63 0 0 0 1
"hl" 17 66 2 0 106 1 1 1 4 6 0 7 35 0 0 0 0
"l" 50 102 3 0 236 3 2 1 5 4 0 29 114 0 0 0 0
"vl" 44 67 2 0 202 2 1 0 3 2 0 27 92 0 0 0 0
"wl" 7 45 2 0 74 1 1 1 3 5 0 2 19 0 0 0 0
"c" 15 70 3 1 119 1 1 0 8 2 0 11 24 0 0 0 0
"hr" 11 72 2 1 114 1 1 0 7 2 0 13 25 0 0 0 9
after.chisq : 9 senses, 10904 lines, 1229 significant
"" "h" "ah" "af" "c" "g" "l" "w" "wc" "ln" "pos" "ri" "s" "as" "cpa" "fn" "vn" "o"
"h" 16 56 1 0 63 0 0 1 5 1 0 10 31 0 0 0 0
"hl" 10 40 0 0 81 1 0 0 4 1 0 8 28 0 0 0 0
"l" 33 61 1 0 98 0 0 0 1 1 0 17 53 0 0 0 0
"vl" 32 47 1 0 88 0 0 0 0 1 0 16 38 0 0 0 0
"wl" 0 29 1 0 50 0 0 0 10 1 0 0 1 0 0 0 0
"c" 6 50 7 1 47 1 1 2 9 4 0 2 7 0 0 0 0
"hr" 7 55 8 1 51 1 1 2 10 5 0 2 8 0 0 0 4
against.chisq : 11 senses, 12837 lines, 2290 significant
"" "h" "ah" "af" "c" "g" "l" "w" "wc" "ln" "pos" "ri" "s" "as" "cpa" "fn" "vn" "o"
"h" 38 97 0 0 220 1 0 0 5 1 0 21 86 0 1 0 4
"hl" 32 99 3 0 178 0 0 1 10 3 0 11 28 0 0 0 0
"l" 46 107 1 0 246 0 1 1 7 3 0 19 69 0 0 0 0
"vl" 30 54 0 0 152 0 1 0 1 1 0 18 54 0 0 0 0
"wl" 33 105 3 0 156 0 0 0 13 1 0 6 22 0 0 0 0
"c" 0 59 3 1 66 0 0 1 8 2 0 0 1 0 0 0 0
"hr" 1 61 3 0 76 0 0 0 12 1 0 0 1 0 0 0 5
ahead of.chisq : 4 senses, 16012 lines, 3382 significant
"" "h" "ah" "af" "c" "g" "l" "w" "wc" "ln" "pos" "ri" "s" "as" "cpa" "fn" "vn" "o"
"h" 50 77 4 0 227 2 2 0 5 2 0 44 130 0 0 0 0
"hl" 23 44 1 0 214 2 1 0 4 1 0 19 71 0 0 0 0
"l" 63 115 2 0 329 3 2 0 6 3 0 48 145 0 0 0 0
"vl" 54 89 2 0 302 2 2 0 4 3 0 42 135 0 0 0 0
"wl" 10 30 3 0 160 3 2 1 6 3 0 13 34 0 0 0 0
"c" 39 106 1 1 187 7 6 1 8 3 0 17 36 0 0 0 0
"hr" 39 98 1 1 189 7 6 1 7 3 0 17 37 0 0 0 25
all over.chisq : 2 senses, 8499 lines, 312 significant
"" "h" "ah" "af" "c" "g" "l" "w" "wc" "ln" "pos" "ri" "s" "as" "cpa" "fn" "vn" "o"
"h" 0 0 0 0 0 0 0 0 0 0 0 0 0 0 0 0 0
"hl" 2 4 0 0 2 0 0 0 2 1 0 0 0 0 0 0 0
"l" 9 25 2 0 37 0 0 0 2 0 0 1 1 0 0 0 0
"vl" 9 23 3 0 41 0 0 0 1 0 0 1 1 0 0 0 0
"wl" 0 5 0 0 3 0 0 0 2 1 0 0 0 0 0 0 0
"c" 3 35 0 0 17 0 0 0 7 1 0 0 0 0 0 0 0
"hr" 5 33 0 0 25 0 0 0 5 0 0 0 0 0 0 0 3
along.chisq : 4 senses, 9062 lines, 2817 significant
"" "h" "ah" "af" "c" "g" "l" "w" "wc" "ln" "pos" "ri" "s" "as" "cpa" "fn" "vn" "o"
"h" 9 35 1 0 89 0 0 0 2 0 0 19 48 0 0 0 1
"hl" 6 22 1 0 62 0 0 1 2 0 0 3 23 0 0 0 0
"l" 22 45 0 0 131 1 0 0 2 0 0 27 86 0 0 0 0
"vl" 21 35 0 0 121 1 0 0 1 0 0 27 82 0 0 0 0
"wl" 5 9 1 0 40 0 0 0 2 0 0 0 2 0 0 0 0
"c" 82 205 2 0 396 4 4 0 12 2 0 79 152 0 0 0 0
"hr" 70 189 2 0 365 3 3 0 12 2 0 71 132 0 0 0 45
alongside.chisq : 3 senses, 18270 lines, 8400 significant
"" "h" "ah" "af" "c" "g" "l" "w" "wc" "ln" "pos" "ri" "s" "as" "cpa" "fn" "vn" "o"
"h" 210 258 1 0 690 6 4 0 4 3 0 157 487 0 0 0 0
"hl" 181 264 1 0 579 4 4 1 6 3 1 123 363 0 0 0 0
"l" 187 234 1 1 609 4 4 2 10 3 1 131 382 0 0 0 0
"vl" 190 229 1 0 598 5 3 1 10 2 1 131 396 0 0 0 0
"wl" 190 276 1 0 639 4 4 1 7 4 0 129 374 0 0 0 0
"c" 3 57 1 1 63 1 1 0 6 2 0 6 6 0 0 0 0
"hr" 3 53 1 1 55 1 1 0 5 1 0 6 7 0 0 0 4
amid.chisq : 2 senses, 10997 lines, 1052 significant
"" "h" "ah" "af" "c" "g" "l" "w" "wc" "ln" "pos" "ri" "s" "as" "cpa" "fn" "vn" "o"
"h" 10 45 1 0 37 0 0 0 1 2 0 3 6 0 0 0 0
"hl" 6 23 0 0 38 0 0 0 4 1 0 1 6 0 0 0 0
"l" 10 50 0 0 50 0 0 0 4 1 0 2 13 0 0 0 0
"vl" 9 41 1 0 41 0 0 0 3 1 0 1 9 0 0 0 0
"wl" 6 14 2 0 36 0 0 0 4 0 0 2 8 0 0 0 0
"c" 24 107 4 0 114 1 1 0 5 0 0 11 24 0 0 0 0
"hr" 22 98 3 0 102 1 1 0 6 0 0 9 21 0 0 0 6
amidst.chisq : 2 senses, 9901 lines, 986 significant
"" "h" "ah" "af" "c" "g" "l" "w" "wc" "ln" "pos" "ri" "s" "as" "cpa" "fn" "vn" "o"
"h" 26 39 1 0 107 0 0 0 2 2 0 4 14 0 0 0 0
"hl" 9 29 2 1 57 0 0 1 5 2 0 2 6 0 0 0 0
"l" 27 54 0 1 108 0 0 1 4 3 0 7 30 0 0 0 0
"vl" 26 32 1 0 90 0 0 0 0 2 0 6 28 0 0 0 0
"wl" 5 20 2 0 49 0 0 0 2 0 0 1 3 0 0 0 0
"c" 4 44 1 0 36 0 0 0 7 0 0 0 1 0 0 0 0
"hr" 3 40 1 0 27 0 0 0 9 0 0 0 0 0 0 0 2
among.chisq : 4 senses, 7936 lines, 1988 significant
"" "h" "ah" "af" "c" "g" "l" "w" "wc" "ln" "pos" "ri" "s" "as" "cpa" "fn" "vn" "o"
"h" 18 84 2 0 206 2 2 2 13 4 0 14 58 0 0 0 0
"hl" 21 75 4 0 194 1 0 2 15 2 0 14 59 0 0 0 0
"l" 21 92 2 0 125 0 0 1 12 2 0 12 31 0 0 0 0
"vl" 19 54 1 0 104 0 0 0 4 1 0 12 20 0 0 0 0
"wl" 17 72 5 1 194 2 1 2 16 5 0 12 52 0 0 0 0
"c" 10 54 4 0 39 3 2 0 7 0 0 6 7 0 0 0 0
"hr" 11 55 3 0 51 3 2 0 8 0 0 7 16 0 0 0 16
apart from.chisq : 2 senses, 6902 lines, 1071 significant
"" "h" "ah" "af" "c" "g" "l" "w" "wc" "ln" "pos" "ri" "s" "as" "cpa" "fn" "vn" "o"
"h" 0 4 0 0 10 0 0 0 0 0 0 1 1 0 0 0 0
"hl" 1 8 0 0 26 0 0 1 1 2 0 0 0 0 0 0 0
"l" 26 52 0 0 211 1 1 2 4 2 0 18 53 0 0 0 0
"vl" 25 42 0 0 198 1 1 1 3 1 1 18 53 0 0 0 0
"wl" 0 16 2 0 77 3 3 3 5 5 0 4 4 0 0 0 0
"c" 6 14 0 1 56 1 1 0 2 0 0 1 4 0 0 0 0
"hr" 6 20 0 1 56 1 1 0 2 0 0 1 4 0 0 0 2
around.chisq : 7 senses, 10356 lines, 2353 significant
"" "h" "ah" "af" "c" "g" "l" "w" "wc" "ln" "pos" "ri" "s" "as" "cpa" "fn" "vn" "o"
"h" 31 41 1 1 113 3 2 0 3 4 0 10 35 0 0 0 0
"hl" 8 19 0 0 38 1 1 0 1 2 0 2 16 0 0 0 0
"l" 29 36 0 0 58 2 2 0 0 2 0 9 25 0 0 0 0
"vl" 24 30 0 0 48 1 2 0 0 1 0 9 22 0 0 0 0
"wl" 19 34 0 1 60 2 1 1 4 6 0 7 25 0 0 0 0
"c" 62 197 2 1 305 7 7 0 14 3 0 48 89 0 0 0 0
"hr" 65 215 2 1 321 6 6 0 14 2 0 48 89 0 0 0 57
as far as.chisq : 3 senses, 6970 lines, 1420 significant
"" "h" "ah" "af" "c" "g" "l" "w" "wc" "ln" "pos" "ri" "s" "as" "cpa" "fn" "vn" "o"
"h" 0 0 0 0 0 0 0 0 0 0 0 0 0 0 0 0 0
"hl" 35 42 0 0 203 1 1 0 1 0 0 50 99 0 0 0 0
"l" 38 42 0 0 225 1 1 0 0 0 0 55 114 0 0 0 0
"vl" 38 42 1 0 230 1 1 0 0 0 0 55 114 0 0 0 0
"wl" 0 0 0 0 8 0 0 0 0 0 0 0 0 0 0 0 0
"c" 0 2 0 0 6 0 0 0 1 0 0 0 0 0 0 0 0
"hr" 0 3 0 0 9 0 0 0 1 0 0 0 0 0 0 0 0
as.chisq : 4 senses, 10707 lines, 1657 significant
"" "h" "ah" "af" "c" "g" "l" "w" "wc" "ln" "pos" "ri" "s" "as" "cpa" "fn" "vn" "o"
"h" 9 65 2 0 61 1 1 3 14 3 0 6 23 0 0 0 3
"hl" 15 67 4 1 200 1 1 3 14 5 0 7 12 0 0 0 0
"l" 35 71 1 1 191 2 1 2 3 4 0 23 61 0 0 0 0
"vl" 33 54 0 0 176 1 0 0 1 1 0 21 58 0 0 0 0
"wl" 13 47 3 1 170 2 2 3 12 5 0 4 8 0 0 0 0
"c" 0 9 2 0 35 0 0 0 1 2 0 0 2 0 0 0 0
"hr" 3 22 2 1 38 0 0 0 2 3 0 0 1 0 0 0 3
astride.chisq : 2 senses, 1831 lines, 66 significant
"" "h" "ah" "af" "c" "g" "l" "w" "wc" "ln" "pos" "ri" "s" "as" "cpa" "fn" "vn" "o"
"h" 0 0 2 0 0 0 1 0 0 1 0 0 0 0 0 0 0
"hl" 0 0 0 0 0 0 1 0 0 1 0 0 0 0 0 0 0
"l" 0 0 2 0 2 0 1 0 0 1 0 0 0 0 0 0 0
"vl" 0 0 2 0 2 0 1 0 0 1 0 0 0 0 0 0 0
"wl" 0 0 1 0 0 0 1 0 0 1 0 0 0 0 0 0 0
"c" 0 11 0 0 10 0 0 0 0 0 0 0 0 0 0 0 0
"hr" 1 6 0 0 11 0 0 0 0 0 0 2 2 0 0 0 2
at.chisq : 13 senses, 24954 lines, 8051 significant
"" "h" "ah" "af" "c" "g" "l" "w" "wc" "ln" "pos" "ri" "s" "as" "cpa" "fn" "vn" "o"
"h" 116 172 2 0 539 3 3 1 11 2 0 91 271 0 1 0 0
"hl" 100 169 4 0 530 3 4 1 12 3 0 51 166 0 0 0 0
"l" 112 177 2 0 519 3 6 0 7 1 0 81 255 0 0 0 0
"vl" 104 143 0 0 457 2 5 0 6 0 0 78 243 0 0 0 0
"wl" 100 171 5 0 498 3 2 2 13 6 0 45 149 0 0 0 0
"c" 96 271 7 1 617 9 10 0 16 5 0 65 131 0 0 0 0
"hr" 102 276 7 1 641 10 11 0 15 5 0 72 160 0 0 0 73
atop.chisq : 2 senses, 2641 lines, 456 significant
"" "h" "ah" "af" "c" "g" "l" "w" "wc" "ln" "pos" "ri" "s" "as" "cpa" "fn" "vn" "o"
"h" 14 35 0 0 59 1 0 0 0 1 0 7 19 0 0 0 0
"hl" 17 43 0 0 72 1 0 0 5 1 0 8 22 0 0 0 0
"l" 5 9 0 0 25 1 0 0 0 0 0 4 10 0 0 0 0
"vl" 7 9 0 0 33 1 0 0 0 0 0 4 10 0 0 0 0
"wl" 3 4 0 0 9 0 0 0 1 1 0 0 0 0 0 0 0
"c" 0 1 0 0 6 0 0 0 0 0 0 0 0 0 0 0 0
"hr" 0 1 0 0 6 0 0 0 0 0 0 0 0 0 0 0 1
before.chisq : 4 senses, 15081 lines, 1551 significant
"" "h" "ah" "af" "c" "g" "l" "w" "wc" "ln" "pos" "ri" "s" "as" "cpa" "fn" "vn" "o"
"h" 28 50 2 0 120 1 1 0 1 0 0 10 37 0 0 0 0
"hl" 13 33 5 0 142 1 1 1 6 1 0 8 37 0 0 0 0
"l" 32 56 4 0 146 1 1 0 4 0 0 17 51 0 0 0 0
"vl" 31 49 2 0 124 1 1 0 2 0 0 15 46 0 0 0 0
"wl" 11 42 4 0 142 1 1 1 12 1 0 7 32 0 0 0 0
"c" 4 47 4 0 33 2 2 1 4 4 0 1 3 0 0 0 0
"hr" 6 43 5 0 37 2 2 1 5 4 0 1 3 0 0 0 2
behind.chisq : 9 senses, 14064 lines, 3498 significant
"" "h" "ah" "af" "c" "g" "l" "w" "wc" "ln" "pos" "ri" "s" "as" "cpa" "fn" "vn" "o"
"h" 54 150 1 1 274 2 2 2 21 3 0 26 51 0 2 0 17
"hl" 38 110 2 0 236 2 1 0 14 2 0 19 50 0 0 0 0
"l" 101 203 4 0 489 4 4 0 13 1 0 65 193 0 0 0 0
"vl" 72 103 2 1 331 3 3 0 0 1 0 52 166 0 0 0 0
"wl" 28 93 2 0 219 1 1 0 12 0 0 12 25 0 0 0 0
"c" 1 61 3 1 33 2 2 0 4 2 0 0 5 0 0 0 0
"hr" 2 48 3 1 30 2 2 0 4 2 0 0 5 0 0 0 1
below.chisq : 5 senses, 13346 lines, 1257 significant
"" "h" "ah" "af" "c" "g" "l" "w" "wc" "ln" "pos" "ri" "s" "as" "cpa" "fn" "vn" "o"
"h" 3 38 0 0 32 0 1 0 5 1 0 0 5 0 0 0 1
"hl" 14 62 0 0 151 1 1 1 10 2 0 12 43 0 0 0 0
"l" 14 63 0 0 112 0 0 0 6 2 0 9 20 0 0 0 0
"vl" 10 16 0 0 68 0 0 0 0 0 0 7 19 0 0 0 0
"wl" 2 23 0 1 41 1 1 0 5 1 0 0 0 0 0 0 0
"c" 17 53 6 0 112 1 1 0 7 0 0 7 19 0 0 0 0
"hr" 15 55 5 0 109 1 1 0 7 0 0 6 17 0 0 0 14
beneath.chisq : 6 senses, 10979 lines, 1846 significant
"" "h" "ah" "af" "c" "g" "l" "w" "wc" "ln" "pos" "ri" "s" "as" "cpa" "fn" "vn" "o"
"h" 53 66 6 0 190 2 2 1 6 3 0 36 108 0 0 0 0
"hl" 24 48 2 0 120 2 1 0 3 2 0 16 50 0 0 0 0
"l" 16 30 1 0 90 1 2 0 3 1 0 12 44 0 0 0 0
"vl" 14 20 1 0 74 1 2 0 1 1 0 13 45 0 0 0 0
"wl" 24 66 5 0 111 4 3 1 7 4 0 18 52 0 0 0 0
"c" 13 45 4 1 100 3 3 0 2 3 0 9 21 0 0 0 0
"hr" 15 59 4 1 104 2 2 0 2 3 0 9 22 0 0 0 11
beside.chisq : 3 senses, 12331 lines, 2917 significant
"" "h" "ah" "af" "c" "g" "l" "w" "wc" "ln" "pos" "ri" "s" "as" "cpa" "fn" "vn" "o"
"h" 49 75 0 0 251 2 1 0 4 2 0 46 157 0 0 0 0
"hl" 11 31 1 0 121 1 0 2 3 3 0 12 41 0 0 0 0
"l" 37 59 2 0 158 2 1 2 3 1 0 37 125 0 0 0 0
"vl" 37 53 2 0 165 2 1 0 2 0 0 37 125 0 0 0 0
"wl" 11 30 2 0 109 1 0 2 4 2 0 12 41 0 0 0 0
"c" 57 134 0 0 241 1 1 0 11 0 0 24 33 0 0 0 0
"hr" 57 133 2 0 236 1 1 0 11 0 0 24 33 0 0 0 39
besides.chisq : 2 senses, 6876 lines, 1769 significant
"" "h" "ah" "af" "c" "g" "l" "w" "wc" "ln" "pos" "ri" "s" "as" "cpa" "fn" "vn" "o"
"h" 47 102 0 0 173 0 0 0 5 1 0 17 45 0 0 0 0
"hl" 6 32 1 0 121 0 0 1 10 0 0 1 4 0 0 0 0
"l" 63 137 2 0 238 0 0 0 10 2 0 19 52 0 0 0 0
"vl" 61 123 2 0 205 0 0 0 7 2 0 16 38 0 0 0 0
"wl" 0 17 0 0 88 0 0 1 4 1 0 0 0 0 0 0 0
"c" 0 27 0 0 30 0 0 0 1 0 0 0 0 0 0 0 0
"hr" 0 27 0 0 29 0 0 0 1 0 0 0 0 0 0 0 0
between.chisq : 9 senses, 11913 lines, 3874 significant
"" "h" "ah" "af" "c" "g" "l" "w" "wc" "ln" "pos" "ri" "s" "as" "cpa" "fn" "vn" "o"
"h" 41 122 7 0 302 5 4 1 11 2 0 54 147 0 1 0 15
"hl" 31 108 6 0 285 4 4 1 10 3 0 51 137 0 0 0 0
"l" 92 161 5 0 443 6 5 0 8 3 0 89 271 0 0 0 0
"vl" 72 87 1 0 294 2 1 0 0 3 0 66 183 0 0 0 0
"wl" 30 105 7 0 235 4 4 2 13 4 0 47 126 0 0 0 0
"c" 8 37 0 1 21 0 0 0 3 2 0 0 0 0 0 0 0
"hr" 7 35 0 1 30 0 0 0 3 2 0 1 0 0 0 0 2
betwixt.chisq : 4 senses, 218 lines, 0 significant
"" "h" "ah" "af" "c" "g" "l" "w" "wc" "ln" "pos" "ri" "s" "as" "cpa" "fn" "vn" "o"
"h" 0 0 0 0 0 0 0 0 0 0 0 0 0 0 0 0 0
"hl" 0 0 0 0 0 0 0 0 0 0 0 0 0 0 0 0 0
"l" 0 0 0 0 0 0 0 0 0 0 0 0 0 0 0 0 0
"vl" 0 0 0 0 0 0 0 0 0 0 0 0 0 0 0 0 0
"wl" 0 0 0 0 0 0 0 0 0 0 0 0 0 0 0 0 0
"c" 0 0 0 0 0 0 0 0 0 0 0 0 0 0 0 0 0
"hr" 0 0 0 0 0 0 0 0 0 0 0 0 0 0 0 0 0
beyond.chisq : 9 senses, 13848 lines, 3046 significant
"" "h" "ah" "af" "c" "g" "l" "w" "wc" "ln" "pos" "ri" "s" "as" "cpa" "fn" "vn" "o"
"h" 45 95 0 0 307 2 0 0 6 0 0 55 128 0 0 0 1
"hl" 14 29 0 0 138 1 1 0 4 0 0 12 46 0 0 0 0
"l" 24 59 0 0 201 1 1 0 7 0 0 16 48 0 0 0 0
"vl" 23 57 0 0 214 1 1 0 4 0 0 16 45 0 0 0 0
"wl" 13 23 1 0 129 2 2 1 5 4 0 12 46 0 0 0 0
"c" 47 127 5 1 261 4 4 1 12 6 0 35 81 0 0 0 0
"hr" 51 134 4 1 261 4 4 1 13 6 0 34 80 0 0 0 29
but for.chisq : 2 senses, 1406 lines, 2 significant
"" "h" "ah" "af" "c" "g" "l" "w" "wc" "ln" "pos" "ri" "s" "as" "cpa" "fn" "vn" "o"
"h" 0 0 0 0 0 0 0 0 0 0 0 0 0 0 0 0 0
"hl" 0 0 0 0 0 0 0 0 0 0 0 0 0 0 0 0 0
"l" 0 0 0 0 0 0 0 0 0 0 0 0 0 0 0 0 0
"vl" 0 0 0 0 0 0 0 0 0 0 0 0 0 0 0 0 0
"wl" 0 0 0 0 0 0 0 0 0 0 0 0 0 0 0 0 0
"c" 0 0 0 0 0 0 0 0 1 0 0 0 0 0 0 0 0
"hr" 0 0 0 0 0 0 0 0 1 0 0 0 0 0 0 0 0
by courtesy of.chisq : 2 senses, 1053 lines, 567 significant
"" "h" "ah" "af" "c" "g" "l" "w" "wc" "ln" "pos" "ri" "s" "as" "cpa" "fn" "vn" "o"
"h" 6 13 0 1 37 1 1 0 3 1 0 4 16 0 0 0 0
"hl" 6 16 2 1 37 1 1 1 3 2 0 4 16 0 0 0 0
"l" 6 17 2 1 44 1 1 1 4 2 0 4 16 0 0 0 0
"vl" 6 13 0 1 40 1 1 0 4 1 0 4 16 0 0 0 0
"wl" 6 13 3 1 41 1 1 1 3 2 0 4 16 0 0 0 0
"c" 7 10 1 0 29 1 1 0 0 0 0 4 4 0 0 0 0
"hr" 7 10 1 0 28 1 1 0 0 0 0 4 4 0 0 0 3
by way of.chisq : 3 senses, 14289 lines, 2841 significant
"" "h" "ah" "af" "c" "g" "l" "w" "wc" "ln" "pos" "ri" "s" "as" "cpa" "fn" "vn" "o"
"h" 68 96 2 0 206 1 1 0 4 4 0 28 71 0 0 0 0
"hl" 0 23 1 1 40 0 1 1 2 2 0 0 3 0 0 0 0
"l" 74 119 2 1 288 3 2 1 4 4 0 62 171 0 0 0 0
"vl" 74 100 3 0 287 2 1 0 3 2 0 62 162 0 0 0 0
"wl" 0 15 1 1 36 0 1 2 3 4 0 1 0 0 0 0 0
"c" 37 140 3 1 123 3 3 0 7 2 0 27 64 0 0 0 0
"hr" 32 128 3 1 116 3 3 0 6 2 0 25 55 0 0 0 11
by.chisq : 16 senses, 29696 lines, 8338 significant
"" "h" "ah" "af" "c" "g" "l" "w" "wc" "ln" "pos" "ri" "s" "as" "cpa" "fn" "vn" "o"
"h" 191 375 8 1 699 4 2 2 20 8 0 120 342 0 0 0 2
"hl" 84 256 7 0 343 1 0 2 22 6 0 49 129 0 0 0 0
"l" 193 389 10 0 682 3 1 1 12 9 0 110 309 0 0 0 0
"vl" 184 285 6 0 611 3 1 0 3 6 0 107 296 0 0 0 0
"wl" 83 254 5 1 368 2 1 2 23 8 0 46 126 0 0 0 0
"c" 66 229 3 1 343 2 2 1 21 5 0 27 42 0 0 0 0
"hr" 65 224 2 1 355 2 2 1 22 5 0 27 42 0 0 0 35
courtesy of.chisq : 2 senses, 6964 lines, 923 significant
"" "h" "ah" "af" "c" "g" "l" "w" "wc" "ln" "pos" "ri" "s" "as" "cpa" "fn" "vn" "o"
"h" 7 18 0 0 50 0 0 0 4 0 0 3 8 0 0 0 0
"hl" 15 25 0 1 112 2 2 0 5 0 0 10 26 0 0 0 0
"l" 29 45 0 0 127 2 2 0 0 0 0 16 30 0 0 0 0
"vl" 27 37 0 0 122 1 1 0 0 0 0 14 31 0 0 0 0
"wl" 7 12 0 0 75 1 1 0 5 0 0 7 23 0 0 0 0
"c" 0 6 2 1 3 0 0 0 0 2 0 0 0 0 0 0 0
"hr" 0 2 0 0 3 0 0 0 0 1 0 0 0 0 0 0 0
down.chisq : 7 senses, 11823 lines, 3463 significant
"" "h" "ah" "af" "c" "g" "l" "w" "wc" "ln" "pos" "ri" "s" "as" "cpa" "fn" "vn" "o"
"h" 41 70 0 0 295 1 0 0 2 3 0 58 137 0 0 0 0
"hl" 40 54 0 0 253 1 0 0 7 2 0 58 119 0 0 0 0
"l" 51 58 0 0 198 1 0 0 3 0 0 55 129 0 0 0 0
"vl" 53 58 0 0 205 1 0 0 2 0 0 55 129 0 0 0 0
"wl" 41 54 1 0 282 1 0 0 6 1 0 59 122 0 0 0 0
"c" 23 117 3 1 168 4 4 0 8 2 0 10 13 0 0 0 0
"hr" 27 114 4 1 188 5 5 0 12 2 0 10 14 0 0 0 22
due to.chisq : 3 senses, 4977 lines, 1255 significant
"" "h" "ah" "af" "c" "g" "l" "w" "wc" "ln" "pos" "ri" "s" "as" "cpa" "fn" "vn" "o"
"h" 12 26 0 0 106 1 0 0 6 0 0 12 40 0 0 0 0
"hl" 12 32 0 1 149 1 2 0 7 1 0 12 41 0 0 0 0
"l" 12 33 1 1 142 1 1 0 5 0 0 13 43 0 0 0 0
"vl" 12 30 1 0 145 1 1 0 4 0 0 13 42 0 0 0 0
"wl" 12 31 0 0 140 1 2 1 4 2 0 12 41 0 0 0 0
"c" 2 3 0 0 7 0 0 0 0 0 0 0 0 0 0 0 0
"hr" 3 9 0 0 14 0 0 0 1 0 0 0 5 0 0 0 3
during.chisq : 2 senses, 12789 lines, 1354 significant
"" "h" "ah" "af" "c" "g" "l" "w" "wc" "ln" "pos" "ri" "s" "as" "cpa" "fn" "vn" "o"
"h" 8 17 2 0 14 0 0 0 0 2 0 1 1 0 0 0 0
"hl" 2 12 0 0 12 0 0 1 2 2 0 0 0 0 0 0 0
"l" 15 33 0 0 102 1 0 1 3 2 0 8 31 0 0 0 0
"vl" 16 24 0 0 99 1 0 0 1 0 0 8 31 0 0 0 0
"wl" 1 5 2 1 17 1 1 0 1 1 0 0 0 0 0 0 0
"c" 39 136 6 1 181 2 2 0 7 1 0 21 41 0 0 0 0
"hr" 32 128 6 1 181 2 2 0 7 1 0 21 37 0 0 0 17
ex.chisq : 2 senses, 427 lines, 0 significant
"" "h" "ah" "af" "c" "g" "l" "w" "wc" "ln" "pos" "ri" "s" "as" "cpa" "fn" "vn" "o"
"h" 0 0 0 0 0 0 0 0 0 0 0 0 0 0 0 0 0
"hl" 0 0 0 0 0 0 0 0 0 0 0 0 0 0 0 0 0
"l" 0 0 0 0 0 0 0 0 0 0 0 0 0 0 0 0 0
"vl" 0 0 0 0 0 0 0 0 0 0 0 0 0 0 0 0 0
"wl" 0 0 0 0 0 0 0 0 0 0 0 0 0 0 0 0 0
"c" 0 0 0 0 0 0 0 0 0 0 0 0 0 0 0 0 0
"hr" 0 0 0 0 0 0 0 0 0 0 0 0 0 0 0 0 0
following.chisq : 2 senses, 10322 lines, 625 significant
"" "h" "ah" "af" "c" "g" "l" "w" "wc" "ln" "pos" "ri" "s" "as" "cpa" "fn" "vn" "o"
"h" 14 24 2 0 74 0 0 0 0 1 0 12 40 0 0 0 0
"hl" 13 20 2 0 46 0 0 0 0 0 0 2 4 0 0 0 0
"l" 22 23 2 0 44 0 0 0 0 1 0 11 26 0 0 0 0
"vl" 21 22 1 0 37 0 0 0 0 1 0 11 27 0 0 0 0
"wl" 14 22 2 0 43 0 0 0 0 0 0 0 3 0 0 0 0
"c" 0 0 0 0 0 0 0 0 0 0 0 0 0 0 0 0 0
"hr" 0 19 0 1 12 0 0 0 1 1 0 0 3 0 0 0 1
for the benefit of.chisq : 2 senses, 15853 lines, 303 significant
"" "h" "ah" "af" "c" "g" "l" "w" "wc" "ln" "pos" "ri" "s" "as" "cpa" "fn" "vn" "o"
"h" 0 13 0 0 25 0 0 0 3 0 0 0 4 0 0 0 0
"hl" 4 8 0 0 8 0 0 0 2 1 0 0 0 0 0 0 0
"l" 8 8 0 0 23 0 1 0 1 1 0 2 7 0 0 0 0
"vl" 5 2 0 0 15 0 1 0 0 1 0 2 3 0 0 0 0
"wl" 0 6 0 0 31 0 0 0 2 1 0 5 5 0 0 0 0
"c" 1 11 2 0 36 0 0 0 2 0 0 0 1 0 0 0 0
"hr" 1 11 2 0 33 0 0 0 1 1 0 0 1 0 0 0 2
for.chisq : 14 senses, 23086 lines, 6042 significant
"" "h" "ah" "af" "c" "g" "l" "w" "wc" "ln" "pos" "ri" "s" "as" "cpa" "fn" "vn" "o"
"h" 112 275 7 1 553 3 2 3 16 5 0 83 264 0 3 0 21
"hl" 55 179 6 1 334 0 0 2 13 3 0 28 66 0 0 0 0
"l" 113 259 4 1 560 3 1 1 10 3 0 95 275 0 0 0 0
"vl" 77 118 1 0 389 2 1 0 2 1 0 72 208 0 0 0 0
"wl" 45 207 6 1 332 0 0 2 12 3 0 22 59 0 0 0 0
"c" 43 138 4 1 254 3 3 1 15 5 0 23 56 0 0 0 0
"hr" 46 124 4 1 261 3 3 1 12 4 0 26 58 0 0 0 33
from.chisq : 15 senses, 23598 lines, 9108 significant
"" "h" "ah" "af" "c" "g" "l" "w" "wc" "ln" "pos" "ri" "s" "as" "cpa" "fn" "vn" "o"
"h" 153 291 5 0 832 7 5 3 20 8 0 166 547 0 2 0 5
"hl" 62 169 5 0 407 3 2 3 13 4 0 78 244 0 0 0 0
"l" 138 257 3 0 690 9 5 2 11 2 0 172 549 0 0 0 0
"vl" 127 181 4 0 608 8 4 0 5 1 0 160 500 0 0 0 0
"wl" 54 171 5 0 483 4 3 3 16 6 0 79 220 0 0 0 0
"c" 77 231 5 1 338 1 0 2 18 7 0 30 69 0 0 0 0
"hr" 77 232 5 1 319 1 0 1 17 6 0 30 76 0 0 0 50
give or take.chisq : 2 senses, 837 lines, 12 significant
"" "h" "ah" "af" "c" "g" "l" "w" "wc" "ln" "pos" "ri" "s" "as" "cpa" "fn" "vn" "o"
"h" 0 0 0 0 0 0 0 0 0 0 0 0 0 0 0 0 0
"hl" 0 4 0 0 0 0 0 0 0 0 0 0 0 0 0 0 0
"l" 0 4 0 0 1 0 0 0 0 0 0 0 0 0 0 0 0
"vl" 0 0 0 0 0 0 0 0 0 0 0 0 0 0 0 0 0
"wl" 0 0 0 0 0 0 0 0 0 0 0 0 0 0 0 0 0
"c" 0 0 0 0 0 0 0 0 0 0 0 0 0 0 0 0 0
"hr" 0 3 0 0 0 0 0 0 0 0 0 0 0 0 0 0 0
in advance of.chisq : 2 senses, 18283 lines, 1356 significant
"" "h" "ah" "af" "c" "g" "l" "w" "wc" "ln" "pos" "ri" "s" "as" "cpa" "fn" "vn" "o"
"h" 12 26 0 0 135 1 2 0 4 3 0 12 41 0 0 0 0
"hl" 12 31 0 0 138 1 2 2 3 4 0 12 41 0 0 0 0
"l" 12 29 0 0 145 1 2 1 5 5 0 13 42 0 0 0 0
"vl" 12 26 0 0 146 1 2 0 5 3 0 13 42 0 0 0 0
"wl" 10 19 3 0 141 2 2 2 1 3 0 12 39 0 0 0 0
"c" 2 21 0 0 34 0 0 0 1 2 0 0 5 0 0 0 0
"hr" 1 21 1 0 35 0 0 0 1 2 0 0 6 0 0 0 3
in bed with.chisq : 3 senses, 1450 lines, 16 significant
"" "h" "ah" "af" "c" "g" "l" "w" "wc" "ln" "pos" "ri" "s" "as" "cpa" "fn" "vn" "o"
"h" 0 0 0 0 0 0 0 0 0 0 0 0 0 0 0 0 0
"hl" 0 0 0 0 0 0 0 0 0 0 0 0 0 0 0 0 0
"l" 0 0 0 0 0 0 0 0 0 0 0 0 0 0 0 0 0
"vl" 0 0 0 0 0 0 0 0 0 0 0 0 0 0 0 0 0
"wl" 0 0 0 0 0 0 0 0 0 0 0 0 0 0 0 0 0
"c" 0 6 0 0 0 0 0 0 1 0 0 0 0 0 0 0 0
"hr" 0 6 0 0 1 0 0 0 1 0 0 0 0 0 0 0 1
in common with.chisq : 2 senses, 9032 lines, 4547 significant
"" "h" "ah" "af" "c" "g" "l" "w" "wc" "ln" "pos" "ri" "s" "as" "cpa" "fn" "vn" "o"
"h" 79 153 5 1 385 6 8 4 13 8 0 50 144 0 0 0 6
"hl" 59 151 4 1 346 5 6 2 17 5 0 46 115 0 0 0 0
"l" 84 236 6 1 521 6 8 3 20 7 0 66 180 0 0 0 0
"vl" 67 151 4 0 421 2 4 1 13 3 1 46 144 0 0 0 0
"wl" 60 121 5 1 408 7 7 3 14 9 0 50 125 0 0 0 0
"c" 0 5 3 1 45 0 0 0 0 3 0 2 2 0 0 0 0
"hr" 1 7 3 1 42 0 0 0 0 3 0 2 2 0 0 0 1
in consideration of.chisq : 2 senses, 3358 lines, 29 significant
"" "h" "ah" "af" "c" "g" "l" "w" "wc" "ln" "pos" "ri" "s" "as" "cpa" "fn" "vn" "o"
"h" 0 0 0 0 0 0 0 0 1 0 0 0 0 0 0 0 0
"hl" 0 0 0 0 3 0 0 0 0 0 0 0 0 0 0 0 0
"l" 0 0 0 0 7 0 0 0 1 0 0 0 2 0 0 0 0
"vl" 0 0 2 0 7 0 0 0 1 0 0 0 0 0 0 0 0
"wl" 0 0 0 0 0 0 0 0 0 0 0 0 0 0 0 0 0
"c" 0 1 0 0 1 0 0 0 0 0 0 0 0 0 0 0 0
"hr" 0 1 0 0 2 0 0 0 0 0 0 0 0 0 0 0 0
in default of.chisq : 2 senses, 1145 lines, 456 significant
"" "h" "ah" "af" "c" "g" "l" "w" "wc" "ln" "pos" "ri" "s" "as" "cpa" "fn" "vn" "o"
"h" 0 6 0 0 13 0 0 0 0 0 0 0 0 0 0 0 0
"hl" 0 5 0 0 18 0 0 0 2 0 0 0 0 0 0 0 0
"l" 12 23 0 0 114 1 0 0 0 0 0 12 41 0 0 0 0
"vl" 12 23 0 0 118 1 0 0 0 0 0 12 41 0 0 0 0
"wl" 0 0 0 0 2 0 0 0 0 0 0 0 0 0 0 0 0
"c" 0 0 0 0 0 0 0 0 0 0 0 0 0 0 0 0 0
"hr" 0 0 0 0 0 0 0 0 0 0 0 0 0 0 0 0 0
in face of.chisq : 2 senses, 1342 lines, 10 significant
"" "h" "ah" "af" "c" "g" "l" "w" "wc" "ln" "pos" "ri" "s" "as" "cpa" "fn" "vn" "o"
"h" 0 0 0 0 2 0 0 0 0 0 0 0 0 0 0 0 0
"hl" 0 1 0 0 1 0 0 0 0 0 0 0 0 0 0 0 0
"l" 0 1 0 0 1 0 0 0 0 0 0 0 0 0 0 0 0
"vl" 0 0 0 0 1 0 0 0 0 0 0 0 0 0 0 0 0
"wl" 0 3 0 0 0 0 0 0 0 0 0 0 0 0 0 0 0
"c" 0 0 0 0 0 0 0 0 0 0 0 0 0 0 0 0 0
"hr" 0 0 0 0 0 0 0 0 0 0 0 0 0 0 0 0 0
in favor of.chisq : 2 senses, 483 lines, 0 significant
"" "h" "ah" "af" "c" "g" "l" "w" "wc" "ln" "pos" "ri" "s" "as" "cpa" "fn" "vn" "o"
"h" 0 0 0 0 0 0 0 0 0 0 0 0 0 0 0 0 0
"hl" 0 0 0 0 0 0 0 0 0 0 0 0 0 0 0 0 0
"l" 0 0 0 0 0 0 0 0 0 0 0 0 0 0 0 0 0
"vl" 0 0 0 0 0 0 0 0 0 0 0 0 0 0 0 0 0
"wl" 0 0 0 0 0 0 0 0 0 0 0 0 0 0 0 0 0
"c" 0 0 0 0 0 0 0 0 0 0 0 0 0 0 0 0 0
"hr" 0 0 0 0 0 0 0 0 0 0 0 0 0 0 0 0 0
in favour of.chisq : 2 senses, 11077 lines, 2407 significant
"" "h" "ah" "af" "c" "g" "l" "w" "wc" "ln" "pos" "ri" "s" "as" "cpa" "fn" "vn" "o"
"h" 51 101 3 0 240 3 2 0 9 3 0 24 82 0 0 0 0
"hl" 17 66 3 0 185 2 1 2 6 3 0 13 56 0 0 0 0
"l" 67 124 1 0 281 3 3 1 5 4 0 30 97 0 0 0 0
"vl" 66 108 2 0 254 3 3 0 4 3 0 29 88 0 0 0 0
"wl" 13 49 3 0 163 2 1 3 5 3 0 14 63 0 0 0 0
"c" 1 5 1 0 10 0 0 0 1 0 0 0 0 0 0 0 0
"hr" 0 8 1 0 10 0 0 0 1 0 0 0 0 0 0 0 2
in front of.chisq : 4 senses, 14864 lines, 2846 significant
"" "h" "ah" "af" "c" "g" "l" "w" "wc" "ln" "pos" "ri" "s" "as" "cpa" "fn" "vn" "o"
"h" 38 58 2 0 159 0 0 0 1 0 0 33 78 0 0 0 0
"hl" 0 16 1 0 34 0 0 1 2 1 0 0 2 0 0 0 0
"l" 100 145 1 0 305 0 0 1 2 1 0 56 159 0 0 0 0
"vl" 95 126 0 0 277 0 0 0 0 0 0 57 153 0 0 0 0
"wl" 5 12 0 0 31 0 0 1 3 1 0 0 2 0 0 0 0
"c" 40 133 3 1 159 6 7 0 6 2 0 31 55 0 0 0 0
"hr" 41 127 2 1 149 6 7 0 6 2 0 31 55 0 0 0 17
in line with.chisq : 2 senses, 12173 lines, 841 significant
"" "h" "ah" "af" "c" "g" "l" "w" "wc" "ln" "pos" "ri" "s" "as" "cpa" "fn" "vn" "o"
"h" 12 11 0 0 53 0 0 0 2 1 0 9 22 0 0 0 0
"hl" 0 34 0 0 57 0 0 0 6 1 0 2 3 0 0 0 0
"l" 11 46 0 0 80 0 0 0 4 1 0 11 34 0 0 0 0
"vl" 10 13 0 0 60 0 0 0 0 1 0 11 30 0 0 0 0
"wl" 4 34 0 0 52 0 0 0 8 1 0 2 3 0 0 0 0
"c" 1 59 2 0 40 0 0 0 6 1 0 0 1 0 0 0 0
"hr" 3 50 2 0 40 0 0 0 5 0 0 0 1 0 0 0 1
in place of.chisq : 2 senses, 12190 lines, 3216 significant
"" "h" "ah" "af" "c" "g" "l" "w" "wc" "ln" "pos" "ri" "s" "as" "cpa" "fn" "vn" "o"
"h" 64 149 3 1 234 7 8 0 4 2 0 41 143 0 0 0 4
"hl" 24 117 4 1 164 2 2 0 10 4 0 17 63 0 0 0 0
"l" 67 164 5 1 279 5 7 0 10 6 0 37 127 0 0 0 0
"vl" 55 85 3 0 230 4 6 0 1 2 0 26 104 0 0 0 0
"wl" 18 81 4 1 149 2 2 0 11 7 0 16 61 0 0 0 0
"c" 8 101 2 1 134 0 0 0 11 3 0 5 8 0 0 0 0
"hr" 10 113 2 1 138 0 0 0 11 4 0 5 9 0 0 0 6
in proportion to.chisq : 3 senses, 10146 lines, 2057 significant
"" "h" "ah" "af" "c" "g" "l" "w" "wc" "ln" "pos" "ri" "s" "as" "cpa" "fn" "vn" "o"
"h" 13 28 3 0 147 1 1 1 2 1 0 12 43 0 0 0 0
"hl" 13 30 2 0 151 1 0 2 5 2 0 14 43 0 0 0 0
"l" 42 71 2 0 208 1 2 2 2 2 0 26 111 0 0 0 0
"vl" 41 71 1 0 209 1 2 0 1 1 0 26 107 0 0 0 0
"wl" 12 30 2 0 137 1 0 1 4 2 0 12 41 0 0 0 0
"c" 13 36 1 0 93 2 3 0 2 0 0 10 21 0 0 0 0
"hr" 13 34 1 0 92 2 3 0 2 0 0 10 21 0 0 0 12
in sight of.chisq : 2 senses, 1328 lines, 2 significant
"" "h" "ah" "af" "c" "g" "l" "w" "wc" "ln" "pos" "ri" "s" "as" "cpa" "fn" "vn" "o"
"h" 0 0 0 0 0 0 0 0 0 0 0 0 0 0 0 0 0
"hl" 0 0 0 0 0 0 0 0 0 0 0 0 0 0 0 0 0
"l" 0 0 0 0 0 0 0 0 0 0 0 0 0 0 0 0 0
"vl" 0 0 0 0 0 0 0 0 0 0 0 0 0 0 0 0 0
"wl" 0 0 0 0 0 0 0 0 0 0 0 0 0 0 0 0 0
"c" 0 1 0 0 0 0 0 0 0 0 0 0 0 0 0 0 0
"hr" 0 1 0 0 0 0 0 0 0 0 0 0 0 0 0 0 0
in the course of.chisq : 2 senses, 15506 lines, 1084 significant
"" "h" "ah" "af" "c" "g" "l" "w" "wc" "ln" "pos" "ri" "s" "as" "cpa" "fn" "vn" "o"
"h" 20 38 0 0 87 1 1 0 1 1 0 14 54 0 0 0 0
"hl" 1 31 1 1 12 0 0 0 6 2 0 0 1 0 0 0 0
"l" 12 56 1 1 57 0 1 0 3 3 0 5 15 0 0 0 0
"vl" 12 27 0 0 46 0 1 0 0 2 0 4 13 0 0 0 0
"wl" 1 13 3 1 5 1 1 1 4 2 0 0 0 0 0 0 0
"c" 33 72 1 0 88 3 2 0 3 1 0 21 32 0 0 0 0
"hr" 30 70 1 0 88 3 2 0 3 1 0 21 32 0 0 0 14
in the face of.chisq : 2 senses, 14551 lines, 1724 significant
"" "h" "ah" "af" "c" "g" "l" "w" "wc" "ln" "pos" "ri" "s" "as" "cpa" "fn" "vn" "o"
"h" 61 77 0 0 114 1 0 0 1 0 0 19 50 0 0 0 0
"hl" 37 49 0 0 84 1 0 0 3 1 0 9 27 0 0 0 0
"l" 71 92 1 0 147 1 0 0 0 1 0 26 82 0 0 0 0
"vl" 72 88 0 0 148 1 0 0 0 0 0 26 74 0 0 0 0
"wl" 37 50 0 0 72 2 1 0 2 2 0 9 27 0 0 0 0
"c" 9 25 0 0 49 1 0 0 1 0 0 11 32 0 0 0 0
"hr" 0 8 0 0 17 0 0 0 0 0 0 0 5 0 0 0 0
in the midst of.chisq : 3 senses, 10727 lines, 2708 significant
"" "h" "ah" "af" "c" "g" "l" "w" "wc" "ln" "pos" "ri" "s" "as" "cpa" "fn" "vn" "o"
"h" 32 64 1 0 127 1 0 0 6 1 0 20 67 0 0 0 3
"hl" 28 78 0 0 124 1 0 0 7 0 0 18 52 0 0 0 0
"l" 50 115 0 0 257 3 0 0 9 0 0 37 120 0 0 0 0
"vl" 45 72 0 0 178 2 0 0 3 0 0 35 113 0 0 0 0
"wl" 9 44 0 0 70 0 0 0 5 0 0 1 3 0 0 0 0
"c" 36 149 3 0 147 2 2 0 14 3 0 28 59 0 0 0 0
"hr" 34 150 3 0 152 2 2 0 12 3 0 28 59 0 0 0 19
in the name of.chisq : 3 senses, 15194 lines, 2242 significant
"" "h" "ah" "af" "c" "g" "l" "w" "wc" "ln" "pos" "ri" "s" "as" "cpa" "fn" "vn" "o"
"h" 23 57 1 0 118 1 0 0 5 0 0 14 32 0 0 0 6
"hl" 18 78 0 1 128 0 0 0 3 2 0 13 23 0 0 0 0
"l" 47 91 0 1 218 2 0 0 3 1 0 34 132 0 0 0 0
"vl" 36 48 1 0 156 2 0 0 0 0 0 26 115 0 0 0 0
"wl" 19 68 0 0 145 0 0 0 5 2 0 14 27 0 0 0 0
"c" 23 128 5 1 81 1 1 0 7 3 0 3 9 0 0 0 0
"hr" 23 127 5 1 75 1 1 0 7 3 0 3 9 0 0 0 9
in the shape of.chisq : 2 senses, 9457 lines, 332 significant
"" "h" "ah" "af" "c" "g" "l" "w" "wc" "ln" "pos" "ri" "s" "as" "cpa" "fn" "vn" "o"
"h" 2 5 0 0 19 0 0 0 1 1 0 0 3 0 0 0 0
"hl" 0 25 1 0 9 0 0 0 1 0 0 0 0 0 0 0 0
"l" 5 27 0 0 26 0 0 0 2 1 0 3 5 0 0 0 0
"vl" 4 3 2 0 18 0 0 0 1 1 0 3 4 0 0 0 0
"wl" 0 8 1 0 15 0 0 2 3 1 0 0 0 0 0 0 0
"c" 0 34 2 1 19 0 0 0 4 2 0 0 0 0 0 0 0
"hr" 0 34 2 1 25 0 0 0 4 2 0 0 0 0 0 0 0
in the teeth of.chisq : 2 senses, 1530 lines, 3 significant
"" "h" "ah" "af" "c" "g" "l" "w" "wc" "ln" "pos" "ri" "s" "as" "cpa" "fn" "vn" "o"
"h" 0 0 1 0 0 0 0 0 0 0 0 0 0 0 0 0 0
"hl" 0 0 1 0 0 0 0 0 0 0 0 0 0 0 0 0 0
"l" 0 0 0 0 0 0 0 0 0 0 0 0 0 0 0 0 0
"vl" 0 0 1 0 0 0 0 0 0 0 0 0 0 0 0 0 0
"wl" 0 0 0 0 0 0 0 0 0 0 0 0 0 0 0 0 0
"c" 0 0 0 0 0 0 0 0 0 0 0 0 0 0 0 0 0
"hr" 0 0 0 0 0 0 0 0 0 0 0 0 0 0 0 0 0
in.chisq : 13 senses, 21184 lines, 3961 significant
"" "h" "ah" "af" "c" "g" "l" "w" "wc" "ln" "pos" "ri" "s" "as" "cpa" "fn" "vn" "o"
"h" 19 66 0 1 122 0 0 1 8 4 0 12 61 0 0 0 7
"hl" 36 109 0 1 265 1 0 0 10 1 0 15 79 0 0 0 0
"l" 58 109 0 0 243 0 1 0 8 2 0 18 124 0 0 0 0
"vl" 41 48 0 0 122 0 1 0 0 1 0 14 70 0 0 0 0
"wl" 23 85 0 0 168 0 0 1 12 1 0 6 55 0 0 0 0
"c" 105 257 3 1 498 2 1 2 15 5 0 61 109 0 0 0 0
"hr" 80 243 4 1 389 1 1 1 18 4 0 32 61 0 0 0 38
inside.chisq : 5 senses, 10528 lines, 1773 significant
"" "h" "ah" "af" "c" "g" "l" "w" "wc" "ln" "pos" "ri" "s" "as" "cpa" "fn" "vn" "o"
"h" 19 75 0 0 121 0 0 0 9 1 0 8 18 0 0 0 3
"hl" 12 74 0 0 123 0 0 0 7 3 0 0 5 0 0 0 0
"l" 36 86 0 0 162 0 0 0 7 0 0 42 77 0 0 0 0
"vl" 35 53 0 1 142 0 0 0 3 0 0 41 72 0 0 0 0
"wl" 9 48 0 0 95 0 0 0 9 2 0 0 2 0 0 0 0
"c" 18 58 1 1 48 2 2 0 5 2 0 11 21 0 0 0 0
"hr" 19 76 1 0 56 2 2 0 5 2 0 11 21 0 0 0 9
into.chisq : 10 senses, 32031 lines, 9612 significant
"" "h" "ah" "af" "c" "g" "l" "w" "wc" "ln" "pos" "ri" "s" "as" "cpa" "fn" "vn" "o"
"h" 247 408 4 0 866 8 4 1 9 4 0 156 468 1 2 1 2
"hl" 72 152 5 0 331 4 3 0 8 3 0 59 173 0 0 0 0
"l" 225 389 4 0 829 8 7 0 8 2 0 162 472 0 0 0 0
"vl" 212 329 3 0 811 7 6 0 3 1 0 151 440 0 0 0 0
"wl" 73 149 6 0 343 5 4 0 9 4 0 50 144 0 0 0 0
"c" 101 224 4 1 353 3 2 1 16 5 0 38 112 0 0 0 0
"hr" 100 230 6 1 344 4 3 1 17 5 0 36 108 0 0 0 50
like.chisq : 7 senses, 16721 lines, 5792 significant
"" "h" "ah" "af" "c" "g" "l" "w" "wc" "ln" "pos" "ri" "s" "as" "cpa" "fn" "vn" "o"
"h" 130 311 3 1 564 7 8 2 24 6 0 73 256 0 1 0 18
"hl" 99 255 2 0 440 6 10 2 25 7 0 54 195 0 0 0 0
"l" 99 262 3 1 480 5 7 1 21 4 0 69 214 0 0 0 0
"vl" 67 116 1 1 378 3 3 0 8 2 0 53 165 0 0 0 0
"wl" 80 210 3 1 482 6 10 3 25 8 0 48 182 0 0 0 0
"c" 0 76 2 1 45 2 2 2 6 5 0 0 0 0 0 0 0
"hr" 0 71 3 1 38 2 2 2 5 5 0 0 0 0 0 0 2
minus.chisq : 3 senses, 6939 lines, 584 significant
"" "h" "ah" "af" "c" "g" "l" "w" "wc" "ln" "pos" "ri" "s" "as" "cpa" "fn" "vn" "o"
"h" 0 14 0 1 18 1 2 0 3 4 0 0 0 0 0 0 1
"hl" 1 19 1 0 33 0 0 0 4 1 0 0 2 0 0 0 0
"l" 1 19 0 0 32 0 0 0 4 2 0 1 13 0 0 0 0
"vl" 0 1 0 0 18 0 0 0 0 1 0 1 2 0 0 0 0
"wl" 12 34 3 0 114 4 3 2 5 5 0 11 37 0 0 0 0
"c" 0 6 0 1 1 0 0 0 2 1 0 0 0 0 0 0 0
"hr" 4 64 2 0 55 0 0 0 7 2 0 1 1 0 0 0 7
near to.chisq : 6 senses, 14722 lines, 3571 significant
"" "h" "ah" "af" "c" "g" "l" "w" "wc" "ln" "pos" "ri" "s" "as" "cpa" "fn" "vn" "o"
"h" 44 69 4 0 213 2 4 1 5 3 0 23 58 0 0 0 0
"hl" 59 103 3 0 308 2 3 2 11 2 0 33 90 0 0 0 0
"l" 53 91 2 0 252 2 3 1 6 2 0 33 86 0 0 0 0
"vl" 53 68 3 0 259 2 3 0 2 2 0 32 84 0 0 0 0
"wl" 43 68 2 0 225 2 3 2 6 4 0 21 58 0 0 0 0
"c" 41 140 3 1 203 2 2 2 23 4 0 29 78 0 0 0 0
"hr" 41 138 2 0 205 2 2 2 23 4 0 26 71 0 0 0 12
near.chisq : 4 senses, 12894 lines, 2597 significant
"" "h" "ah" "af" "c" "g" "l" "w" "wc" "ln" "pos" "ri" "s" "as" "cpa" "fn" "vn" "o"
"h" 44 53 0 0 189 3 2 0 1 2 0 28 84 0 0 0 0
"hl" 40 64 0 0 233 1 0 1 6 2 0 21 57 0 0 0 0
"l" 38 47 0 0 165 1 0 0 1 2 0 27 68 0 0 0 0
"vl" 37 46 0 0 174 1 0 0 0 2 0 26 68 0 0 0 0
"wl" 16 44 2 0 156 2 1 1 4 3 0 12 42 0 0 0 0
"c" 29 103 1 0 196 1 1 0 8 0 0 16 25 0 0 0 0
"hr" 28 101 0 0 205 1 1 0 8 0 0 16 25 0 0 0 15
next door to.chisq : 2 senses, 4132 lines, 46 significant
"" "h" "ah" "af" "c" "g" "l" "w" "wc" "ln" "pos" "ri" "s" "as" "cpa" "fn" "vn" "o"
"h" 0 0 1 0 0 0 0 0 0 0 0 0 0 0 0 0 0
"hl" 0 0 1 0 0 0 0 0 0 0 0 0 0 0 0 0 0
"l" 3 3 1 0 9 0 0 0 1 0 0 0 0 0 0 0 0
"vl" 3 3 0 0 4 0 0 0 1 0 0 0 0 0 0 0 0
"wl" 0 0 0 0 0 0 0 0 0 0 0 0 0 0 0 0 0
"c" 0 5 1 0 1 0 0 0 1 0 0 0 0 0 0 0 0
"hr" 0 5 1 0 1 0 0 0 1 0 0 0 0 0 0 0 0
nigh.chisq : 2 senses, 973 lines, 0 significant
"" "h" "ah" "af" "c" "g" "l" "w" "wc" "ln" "pos" "ri" "s" "as" "cpa" "fn" "vn" "o"
"h" 0 0 0 0 0 0 0 0 0 0 0 0 0 0 0 0 0
"hl" 0 0 0 0 0 0 0 0 0 0 0 0 0 0 0 0 0
"l" 0 0 0 0 0 0 0 0 0 0 0 0 0 0 0 0 0
"vl" 0 0 0 0 0 0 0 0 0 0 0 0 0 0 0 0 0
"wl" 0 0 0 0 0 0 0 0 0 0 0 0 0 0 0 0 0
"c" 0 0 0 0 0 0 0 0 0 0 0 0 0 0 0 0 0
"hr" 0 0 0 0 0 0 0 0 0 0 0 0 0 0 0 0 0
o'.chisq : 8 senses, 5922 lines, 1740 significant
"" "h" "ah" "af" "c" "g" "l" "w" "wc" "ln" "pos" "ri" "s" "as" "cpa" "fn" "vn" "o"
"h" 23 91 2 0 174 1 1 0 4 4 0 13 18 0 0 0 8
"hl" 25 88 0 1 154 1 1 1 8 2 0 12 23 0 0 0 0
"l" 42 129 0 1 164 1 2 0 8 2 0 18 35 0 0 0 0
"vl" 18 47 0 0 44 0 1 0 0 0 0 8 12 0 0 0 0
"wl" 25 84 0 1 142 1 1 0 8 2 0 11 21 0 0 0 0
"c" 0 0 0 0 0 0 0 0 0 0 0 0 0 0 0 0 0
"hr" 16 57 3 1 137 1 1 0 6 1 0 11 15 0 0 0 8
o'er.chisq : 8 senses, 488 lines, 2 significant
"" "h" "ah" "af" "c" "g" "l" "w" "wc" "ln" "pos" "ri" "s" "as" "cpa" "fn" "vn" "o"
"h" 0 0 0 0 0 0 0 0 0 0 0 0 0 0 0 0 0
"hl" 0 0 0 0 0 0 0 0 0 0 0 0 0 0 0 0 0
"l" 0 1 0 0 0 0 0 0 0 0 0 0 0 0 0 0 0
"vl" 0 1 0 0 0 0 0 0 0 0 0 0 0 0 0 0 0
"wl" 0 0 0 0 0 0 0 0 0 0 0 0 0 0 0 0 0
"c" 0 0 0 0 0 0 0 0 0 0 0 0 0 0 0 0 0
"hr" 0 0 0 0 0 0 0 0 0 0 0 0 0 0 0 0 0
of the order of.chisq : 2 senses, 3056 lines, 2260 significant
"" "h" "ah" "af" "c" "g" "l" "w" "wc" "ln" "pos" "ri" "s" "as" "cpa" "fn" "vn" "o"
"h" 12 87 2 0 189 1 5 2 14 5 0 12 41 0 0 0 2
"hl" 12 87 2 0 184 1 5 2 16 6 0 12 41 0 0 0 0
"l" 25 125 4 0 330 1 4 1 25 2 0 26 69 0 0 0 0
"vl" 23 63 1 0 270 1 3 0 12 0 0 26 67 0 0 0 0
"wl" 12 82 1 0 176 1 5 2 14 6 0 12 41 0 0 0 0
"c" 3 9 0 0 22 1 1 0 1 0 0 2 6 0 0 0 0
"hr" 3 7 0 0 20 1 1 0 1 0 0 2 6 0 0 0 4
of.chisq : 17 senses, 32101 lines, 8713 significant
"" "h" "ah" "af" "c" "g" "l" "w" "wc" "ln" "pos" "ri" "s" "as" "cpa" "fn" "vn" "o"
"h" 141 306 8 0 763 6 5 2 28 6 0 84 272 0 7 0 78
"hl" 128 283 8 0 665 5 4 2 25 6 0 87 220 0 0 0 0
"l" 232 393 4 0 799 9 7 1 19 5 0 191 473 0 0 0 0
"vl" 115 122 0 0 436 3 2 0 0 0 0 103 278 0 0 0 0
"wl" 126 274 6 0 656 6 5 2 20 6 0 81 214 0 0 0 0
"c" 29 196 2 1 273 0 0 1 13 4 0 4 22 0 0 0 0
"hr" 25 135 3 1 213 0 0 1 12 4 0 6 24 0 0 0 17
off.chisq : 7 senses, 10014 lines, 2908 significant
"" "h" "ah" "af" "c" "g" "l" "w" "wc" "ln" "pos" "ri" "s" "as" "cpa" "fn" "vn" "o"
"h" 78 116 2 0 327 2 0 1 7 1 0 67 182 0 0 0 0
"hl" 16 47 2 1 124 1 0 1 3 1 0 12 41 0 0 0 0
"l" 68 100 3 1 254 2 0 1 4 2 0 58 166 0 0 0 0
"vl" 67 80 1 0 268 2 0 0 1 1 0 59 168 0 0 0 0
"wl" 14 30 1 1 121 2 1 0 1 1 0 12 41 0 0 0 0
"c" 14 38 0 1 64 1 1 0 1 1 0 6 11 0 0 0 0
"hr" 17 61 1 1 97 1 2 0 2 1 0 6 11 0 0 0 7
on a level with.chisq : 2 senses, 1350 lines, 14 significant
"" "h" "ah" "af" "c" "g" "l" "w" "wc" "ln" "pos" "ri" "s" "as" "cpa" "fn" "vn" "o"
"h" 0 0 0 0 0 0 0 0 0 0 0 0 0 0 0 0 0
"hl" 0 0 0 0 0 0 0 0 0 0 0 0 0 0 0 0 0
"l" 0 0 0 0 0 0 0 0 0 0 0 0 0 0 0 0 0
"vl" 0 0 0 0 0 0 0 0 0 0 0 0 0 0 0 0 0
"wl" 1 1 0 0 9 0 0 1 1 0 0 0 0 0 0 0 0
"c" 0 0 0 0 1 0 0 0 0 0 0 0 0 0 0 0 0
"hr" 0 0 0 0 0 0 0 0 0 0 0 0 0 0 0 0 0
on behalf of.chisq : 2 senses, 15249 lines, 2659 significant
"" "h" "ah" "af" "c" "g" "l" "w" "wc" "ln" "pos" "ri" "s" "as" "cpa" "fn" "vn" "o"
"h" 76 92 0 1 257 3 3 0 0 1 0 49 174 1 0 0 0
"hl" 17 34 0 1 111 1 2 0 1 2 0 15 81 0 0 0 0
"l" 73 84 0 1 245 2 1 0 1 2 0 59 198 0 0 0 0
"vl" 72 76 0 1 265 2 1 0 0 0 0 58 183 0 0 0 0
"wl" 17 22 0 1 102 2 3 0 1 2 0 10 69 0 0 0 0
"c" 16 31 0 1 27 1 1 0 2 2 0 4 6 0 0 0 0
"hr" 11 26 0 1 34 1 1 0 1 2 0 4 7 0 0 0 5
on the order of.chisq : 3 senses, 239 lines, 0 significant
"" "h" "ah" "af" "c" "g" "l" "w" "wc" "ln" "pos" "ri" "s" "as" "cpa" "fn" "vn" "o"
"h" 0 0 0 0 0 0 0 0 0 0 0 0 0 0 0 0 0
"hl" 0 0 0 0 0 0 0 0 0 0 0 0 0 0 0 0 0
"l" 0 0 0 0 0 0 0 0 0 0 0 0 0 0 0 0 0
"vl" 0 0 0 0 0 0 0 0 0 0 0 0 0 0 0 0 0
"wl" 0 0 0 0 0 0 0 0 0 0 0 0 0 0 0 0 0
"c" 0 0 0 0 0 0 0 0 0 0 0 0 0 0 0 0 0
"hr" 0 0 0 0 0 0 0 0 0 0 0 0 0 0 0 0 0
on top of.chisq : 6 senses, 16210 lines, 8877 significant
"" "h" "ah" "af" "c" "g" "l" "w" "wc" "ln" "pos" "ri" "s" "as" "cpa" "fn" "vn" "o"
"h" 166 257 2 0 701 6 4 0 7 1 0 126 363 0 0 0 0
"hl" 138 250 0 1 640 5 3 2 14 4 0 116 339 0 0 0 0
"l" 183 304 2 1 694 7 5 1 8 3 0 133 382 0 0 0 0
"vl" 181 257 2 0 687 6 4 0 3 1 0 126 374 0 0 0 0
"wl" 129 220 0 1 564 5 3 1 14 7 0 108 295 0 0 0 0
"c" 25 142 3 0 217 3 3 1 13 6 0 34 58 0 0 0 0
"hr" 26 132 4 1 223 3 3 1 12 5 0 34 60 0 0 0 12
on.chisq : 22 senses, 34652 lines, 11154 significant
"" "h" "ah" "af" "c" "g" "l" "w" "wc" "ln" "pos" "ri" "s" "as" "cpa" "fn" "vn" "o"
"h" 146 325 4 0 443 6 3 1 18 5 0 93 261 0 2 2 18
"hl" 148 401 4 1 548 6 3 2 27 5 0 78 234 0 0 0 0
"l" 278 545 4 1 790 9 8 1 20 5 0 159 532 0 0 0 0
"vl" 228 320 3 1 652 7 5 0 5 3 0 133 430 0 0 0 0
"wl" 110 359 6 1 483 4 3 2 26 6 0 60 161 0 0 0 0
"c" 148 400 7 1 657 8 5 1 26 6 0 81 138 0 0 0 0
"hr" 140 388 8 1 638 7 5 1 25 5 0 79 139 0 0 0 96
onto.chisq : 9 senses, 17124 lines, 3607 significant
"" "h" "ah" "af" "c" "g" "l" "w" "wc" "ln" "pos" "ri" "s" "as" "cpa" "fn" "vn" "o"
"h" 74 85 1 0 287 2 0 0 2 0 0 63 168 0 1 0 0
"hl" 37 67 1 0 159 0 0 0 6 1 0 21 62 0 0 0 0
"l" 72 78 1 0 239 3 0 0 4 1 0 64 188 0 0 0 0
"vl" 70 77 1 0 241 3 0 0 3 0 0 63 184 0 0 0 0
"wl" 49 94 1 0 216 0 0 0 14 1 0 21 47 0 0 0 0
"c" 37 98 5 1 185 2 2 0 4 1 0 19 45 0 0 0 0
"hr" 39 100 4 1 191 2 2 0 4 1 0 19 45 0 0 0 28
opposite.chisq : 2 senses, 11730 lines, 1599 significant
"" "h" "ah" "af" "c" "g" "l" "w" "wc" "ln" "pos" "ri" "s" "as" "cpa" "fn" "vn" "o"
"h" 14 30 2 1 45 0 0 0 2 1 0 5 10 0 0 0 0
"hl" 11 37 1 0 130 0 0 0 7 0 0 4 8 0 0 0 0
"l" 47 72 1 0 266 1 0 0 3 0 0 24 102 0 0 0 0
"vl" 46 53 0 0 270 1 0 0 1 0 0 25 94 0 0 0 0
"wl" 8 38 0 0 138 0 0 0 7 1 0 3 7 0 0 0 0
"c" 0 7 0 0 16 0 0 0 1 2 0 0 0 0 0 0 0
"hr" 0 33 0 1 17 0 0 0 4 2 0 0 0 0 0 0 0
out of.chisq : 8 senses, 20229 lines, 9078 significant
"" "h" "ah" "af" "c" "g" "l" "w" "wc" "ln" "pos" "ri" "s" "as" "cpa" "fn" "vn" "o"
"h" 176 275 1 1 637 4 1 1 5 1 0 140 394 0 0 0 0
"hl" 123 238 0 1 560 3 0 2 15 4 0 88 255 0 0 0 0
"l" 193 306 0 1 655 4 1 1 6 3 0 154 425 0 0 0 0
"vl" 189 274 1 0 655 4 1 0 2 0 0 153 423 0 0 0 0
"wl" 119 234 1 1 554 3 0 2 16 2 0 81 243 0 0 0 0
"c" 58 221 3 1 305 2 2 0 11 2 0 29 64 0 0 0 0
"hr" 58 225 4 0 311 2 2 0 11 4 0 28 63 0 0 0 40
outside of.chisq : 3 senses, 9662 lines, 671 significant
"" "h" "ah" "af" "c" "g" "l" "w" "wc" "ln" "pos" "ri" "s" "as" "cpa" "fn" "vn" "o"
"h" 14 16 0 0 44 0 0 0 1 0 0 5 8 0 0 0 1
"hl" 1 10 3 0 52 0 0 1 5 1 0 2 4 0 0 0 0
"l" 3 12 2 0 27 0 0 0 0 0 0 2 4 0 0 0 0
"vl" 2 12 0 0 20 0 0 0 0 0 0 2 2 0 0 0 0
"wl" 3 6 0 1 27 1 1 1 4 2 0 1 1 0 0 0 0
"c" 5 80 2 1 73 1 0 0 5 1 0 6 6 0 0 0 0
"hr" 5 75 3 1 77 1 0 0 5 2 0 6 6 0 0 0 6
outside.chisq : 3 senses, 13916 lines, 2491 significant
"" "h" "ah" "af" "c" "g" "l" "w" "wc" "ln" "pos" "ri" "s" "as" "cpa" "fn" "vn" "o"
"h" 49 91 1 0 173 3 2 0 2 3 0 15 41 0 0 0 4
"hl" 49 95 1 0 170 1 0 0 3 1 0 17 44 0 0 0 0
"l" 65 120 0 0 180 1 1 0 3 0 0 18 46 0 0 0 0
"vl" 64 91 1 0 164 1 1 0 2 0 0 17 34 0 0 0 0
"wl" 47 83 1 0 148 3 2 0 2 3 0 16 41 0 0 0 0
"c" 14 106 0 1 112 1 1 0 7 1 0 14 17 0 0 0 0
"hr" 16 116 0 1 115 1 1 0 7 1 0 12 16 0 0 0 11
outwith.chisq : 3 senses, 2792 lines, 93 significant
"" "h" "ah" "af" "c" "g" "l" "w" "wc" "ln" "pos" "ri" "s" "as" "cpa" "fn" "vn" "o"
"h" 0 0 0 0 0 0 0 0 0 0 0 0 0 0 0 0 0
"hl" 1 2 0 0 1 0 0 0 1 0 0 0 0 0 0 0 0
"l" 1 1 0 0 2 0 0 0 0 0 0 0 0 0 0 0 0
"vl" 1 1 0 0 1 0 0 0 0 0 0 0 0 0 0 0 0
"wl" 0 1 1 0 2 0 0 0 0 0 0 0 0 0 0 0 0
"c" 2 4 1 1 23 0 0 0 1 1 0 2 2 0 0 0 0
"hr" 2 5 1 1 22 0 0 0 2 1 0 2 2 0 0 0 2
over against.chisq : 2 senses, 296 lines, 0 significant
"" "h" "ah" "af" "c" "g" "l" "w" "wc" "ln" "pos" "ri" "s" "as" "cpa" "fn" "vn" "o"
"h" 0 0 0 0 0 0 0 0 0 0 0 0 0 0 0 0 0
"hl" 0 0 0 0 0 0 0 0 0 0 0 0 0 0 0 0 0
"l" 0 0 0 0 0 0 0 0 0 0 0 0 0 0 0 0 0
"vl" 0 0 0 0 0 0 0 0 0 0 0 0 0 0 0 0 0
"wl" 0 0 0 0 0 0 0 0 0 0 0 0 0 0 0 0 0
"c" 0 0 0 0 0 0 0 0 0 0 0 0 0 0 0 0 0
"hr" 0 0 0 0 0 0 0 0 0 0 0 0 0 0 0 0 0
over and above.chisq : 2 senses, 7589 lines, 609 significant
"" "h" "ah" "af" "c" "g" "l" "w" "wc" "ln" "pos" "ri" "s" "as" "cpa" "fn" "vn" "o"
"h" 10 49 0 0 60 0 0 0 3 0 0 5 6 0 0 0 0
"hl" 8 18 2 0 32 0 0 0 4 0 0 0 0 0 0 0 0
"l" 10 43 1 0 68 0 0 0 2 0 0 6 11 0 0 0 0
"vl" 10 42 0 0 65 0 0 0 2 0 0 6 8 0 0 0 0
"wl" 4 10 2 0 37 0 0 0 3 0 0 0 0 0 0 0 0
"c" 0 24 0 0 18 0 0 0 4 0 0 0 0 0 0 0 0
"hr" 0 22 2 0 9 0 0 0 3 0 0 0 0 0 0 0 0
over.chisq : 17 senses, 22957 lines, 8908 significant
"" "h" "ah" "af" "c" "g" "l" "w" "wc" "ln" "pos" "ri" "s" "as" "cpa" "fn" "vn" "o"
"h" 123 260 6 0 604 3 1 3 18 3 0 91 266 0 1 0 18
"hl" 80 244 2 0 568 4 1 1 22 4 0 76 181 0 0 0 0
"l" 165 300 4 0 687 6 2 0 15 2 0 142 407 0 0 0 0
"vl" 125 157 4 0 489 3 1 0 3 0 0 106 326 0 0 0 0
"wl" 80 215 2 0 506 4 1 3 23 5 0 66 156 0 0 0 0
"c" 119 294 10 1 528 5 3 0 18 3 0 60 97 0 0 0 0
"hr" 123 298 9 1 516 4 3 0 18 2 0 55 92 0 0 0 64
past.chisq : 6 senses, 14691 lines, 6063 significant
"" "h" "ah" "af" "c" "g" "l" "w" "wc" "ln" "pos" "ri" "s" "as" "cpa" "fn" "vn" "o"
"h" 99 144 3 1 385 3 3 2 7 5 0 75 223 0 1 0 0
"hl" 123 234 3 0 518 5 5 2 14 4 0 99 265 0 0 0 0
"l" 124 230 1 0 472 5 4 1 10 4 0 98 259 0 0 0 0
"vl" 101 142 4 0 400 3 2 0 4 3 0 79 226 0 0 0 0
"wl" 123 235 3 0 634 6 5 1 14 4 0 107 275 0 0 0 0
"c" 6 39 1 0 43 0 0 1 6 3 0 3 12 0 0 0 0
"hr" 10 55 1 1 44 1 1 0 5 3 0 11 11 0 0 0 4
per.chisq : 3 senses, 9430 lines, 597 significant
"" "h" "ah" "af" "c" "g" "l" "w" "wc" "ln" "pos" "ri" "s" "as" "cpa" "fn" "vn" "o"
"h" 2 28 4 0 65 0 0 0 10 1 0 0 0 0 0 0 0
"hl" 0 28 3 0 15 0 0 0 1 0 0 0 0 0 0 0 0
"l" 13 79 3 0 104 0 0 0 2 1 0 6 22 0 0 0 0
"vl" 12 50 2 1 84 0 0 0 1 1 0 6 20 0 0 0 0
"wl" 0 12 3 0 11 0 0 0 0 0 0 0 0 0 0 0 0
"c" 0 0 2 1 0 0 0 0 0 1 0 0 0 0 0 0 0
"hr" 0 0 1 1 0 0 0 0 0 1 0 0 0 0 0 0 0
plus.chisq : 2 senses, 7924 lines, 706 significant
"" "h" "ah" "af" "c" "g" "l" "w" "wc" "ln" "pos" "ri" "s" "as" "cpa" "fn" "vn" "o"
"h" 1 27 0 1 36 0 0 0 6 1 0 5 4 0 0 0 4
"hl" 7 61 0 0 20 0 0 0 6 2 0 0 2 0 0 0 0
"l" 26 80 0 0 56 0 0 0 6 2 0 7 24 0 0 0 0
"vl" 18 20 1 0 29 0 0 0 0 0 0 4 16 0 0 0 0
"wl" 3 15 0 0 5 1 1 0 3 2 0 0 1 0 0 0 0
"c" 0 2 0 0 0 0 0 0 1 0 0 0 0 0 0 0 0
"hr" 15 69 2 1 92 1 1 0 2 1 0 4 4 0 0 0 8
re.chisq : 2 senses, 1169 lines, 41 significant
"" "h" "ah" "af" "c" "g" "l" "w" "wc" "ln" "pos" "ri" "s" "as" "cpa" "fn" "vn" "o"
"h" 1 2 1 0 3 0 0 0 0 1 0 0 1 0 0 0 0
"hl" 0 1 0 0 0 0 0 1 1 0 0 0 0 0 0 0 0
"l" 0 1 2 0 0 0 0 1 1 0 0 0 0 0 0 0 0
"vl" 0 0 0 0 0 0 0 0 0 0 0 0 0 0 0 0 0
"wl" 0 6 1 0 7 0 0 1 1 0 0 0 0 0 0 0 0
"c" 0 4 0 0 0 0 0 0 0 1 0 0 0 0 0 0 0
"hr" 0 0 0 1 1 0 0 0 0 1 0 0 0 0 0 0 0
relative to.chisq : 3 senses, 12123 lines, 1811 significant
"" "h" "ah" "af" "c" "g" "l" "w" "wc" "ln" "pos" "ri" "s" "as" "cpa" "fn" "vn" "o"
"h" 3 22 0 0 53 1 1 0 1 1 0 11 54 0 0 0 1
"hl" 17 68 0 0 153 1 1 0 4 0 0 20 77 0 0 0 0
"l" 25 68 0 0 184 2 2 0 5 0 0 26 84 0 0 0 0
"vl" 21 32 0 0 151 1 2 0 1 0 0 18 61 0 0 0 0
"wl" 15 52 0 0 135 1 1 0 3 1 0 20 75 0 0 0 0
"c" 12 47 0 1 85 2 2 0 2 3 0 5 9 0 0 0 0
"hr" 11 48 0 1 87 2 2 0 2 3 0 3 6 0 0 0 3
round about.chisq : 2 senses, 2155 lines, 147 significant
"" "h" "ah" "af" "c" "g" "l" "w" "wc" "ln" "pos" "ri" "s" "as" "cpa" "fn" "vn" "o"
"h" 0 3 0 0 0 0 1 0 0 0 0 0 0 0 0 0 0
"hl" 0 3 0 0 2 0 0 0 0 0 0 0 0 0 0 0 0
"l" 1 9 0 0 13 0 0 0 2 0 0 1 1 0 0 0 0
"vl" 1 7 0 0 15 0 0 0 2 0 0 1 1 0 0 0 0
"wl" 0 3 0 0 1 0 0 0 0 0 0 0 0 0 0 0 0
"c" 3 13 0 0 19 0 0 0 1 2 0 0 0 0 0 0 0
"hr" 3 12 0 0 17 0 0 0 1 2 0 0 2 0 0 0 5
round.chisq : 9 senses, 16509 lines, 6839 significant
"" "h" "ah" "af" "c" "g" "l" "w" "wc" "ln" "pos" "ri" "s" "as" "cpa" "fn" "vn" "o"
"h" 158 222 0 1 636 4 2 0 5 2 0 125 347 0 1 0 0
"hl" 109 179 2 0 420 1 1 0 5 2 0 76 227 0 0 0 0
"l" 163 252 3 0 624 4 2 0 7 1 0 129 364 0 0 0 0
"vl" 160 221 0 0 594 4 2 0 4 0 0 129 359 0 0 0 0
"wl" 95 159 2 0 353 1 1 1 7 3 0 65 196 0 0 0 0
"c" 1 17 2 0 21 0 0 0 3 0 0 0 0 0 0 0 0
"hr" 34 90 4 0 158 3 3 0 9 0 0 13 16 0 0 0 35
save.chisq : 2 senses, 4588 lines, 1366 significant
"" "h" "ah" "af" "c" "g" "l" "w" "wc" "ln" "pos" "ri" "s" "as" "cpa" "fn" "vn" "o"
"h" 12 41 0 0 65 0 0 1 4 1 0 7 30 0 0 0 0
"hl" 0 17 0 0 29 0 0 0 3 1 0 0 0 0 0 0 0
"l" 45 88 1 0 183 1 0 0 8 2 0 26 84 0 0 0 0
"vl" 45 73 2 0 178 1 0 0 5 1 0 26 83 0 0 0 0
"wl" 0 30 1 1 54 1 1 1 2 2 0 0 0 0 0 0 0
"c" 3 59 3 1 52 2 2 1 8 4 1 6 6 0 0 0 0
"hr" 3 14 1 0 28 1 1 0 1 1 0 6 6 0 0 0 0
short of.chisq : 5 senses, 10248 lines, 6413 significant
"" "h" "ah" "af" "c" "g" "l" "w" "wc" "ln" "pos" "ri" "s" "as" "cpa" "fn" "vn" "o"
"h" 121 182 4 1 545 4 5 0 9 2 0 69 170 0 0 0 0
"hl" 129 212 4 1 535 5 7 0 11 3 0 72 175 0 0 0 0
"l" 132 212 4 1 538 5 6 0 8 3 0 73 174 0 0 0 0
"vl" 123 181 4 0 502 4 5 0 5 1 0 66 166 0 0 0 0
"wl" 124 198 7 0 589 8 9 2 8 4 0 87 189 0 0 0 0
"c" 22 114 4 1 141 2 2 1 19 3 0 11 24 0 0 0 0
"hr" 22 122 4 1 145 2 2 2 22 4 0 9 20 0 0 0 10
this side of.chisq : 3 senses, 1855 lines, 242 significant
"" "h" "ah" "af" "c" "g" "l" "w" "wc" "ln" "pos" "ri" "s" "as" "cpa" "fn" "vn" "o"
"h" 0 0 0 0 0 0 0 0 0 0 0 0 0 0 0 0 0
"hl" 0 0 0 0 0 0 0 0 0 0 0 0 0 0 0 0 0
"l" 1 5 0 0 7 0 0 0 0 0 0 0 0 0 0 0 0
"vl" 1 4 0 0 4 0 0 0 0 0 0 0 0 0 0 0 0
"wl" 0 0 0 0 9 0 0 0 0 0 0 0 0 0 0 0 0
"c" 11 45 1 0 37 1 1 0 5 0 0 1 3 0 0 0 0
"hr" 11 45 1 0 37 1 1 0 5 0 0 1 3 0 0 0 1
thro'.chisq : 5 senses, 190 lines, 0 significant
"" "h" "ah" "af" "c" "g" "l" "w" "wc" "ln" "pos" "ri" "s" "as" "cpa" "fn" "vn" "o"
"h" 0 0 0 0 0 0 0 0 0 0 0 0 0 0 0 0 0
"hl" 0 0 0 0 0 0 0 0 0 0 0 0 0 0 0 0 0
"l" 0 0 0 0 0 0 0 0 0 0 0 0 0 0 0 0 0
"vl" 0 0 0 0 0 0 0 0 0 0 0 0 0 0 0 0 0
"wl" 0 0 0 0 0 0 0 0 0 0 0 0 0 0 0 0 0
"c" 0 0 0 0 0 0 0 0 0 0 0 0 0 0 0 0 0
"hr" 0 0 0 0 0 0 0 0 0 0 0 0 0 0 0 0 0
through.chisq : 16 senses, 30880 lines, 11289 significant
"" "h" "ah" "af" "c" "g" "l" "w" "wc" "ln" "pos" "ri" "s" "as" "cpa" "fn" "vn" "o"
"h" 230 341 2 0 902 4 1 0 14 0 0 217 554 0 2 0 0
"hl" 160 263 1 0 582 2 1 0 9 2 0 115 272 0 0 0 0
"l" 274 356 1 0 917 5 1 0 8 1 0 232 610 0 0 0 0
"vl" 253 299 1 0 926 6 1 0 5 1 0 232 600 0 0 0 0
"wl" 160 296 1 1 659 3 2 1 14 3 0 126 303 0 0 0 0
"c" 54 216 3 1 366 0 0 0 17 3 0 5 29 0 0 0 0
"hr" 44 183 3 1 311 0 0 0 15 3 0 6 21 0 0 0 36
throughout.chisq : 3 senses, 11858 lines, 3139 significant
"" "h" "ah" "af" "c" "g" "l" "w" "wc" "ln" "pos" "ri" "s" "as" "cpa" "fn" "vn" "o"
"h" 44 73 5 0 186 2 3 1 3 2 0 31 122 0 0 0 0
"hl" 3 38 1 0 78 0 0 0 6 2 0 3 27 0 0 0 0
"l" 24 53 2 0 121 1 1 0 4 2 0 24 83 0 0 0 0
"vl" 21 36 1 0 103 1 1 0 1 1 0 23 53 0 0 0 0
"wl" 3 34 1 0 56 0 0 1 6 1 0 2 23 0 0 0 0
"c" 80 204 3 1 378 9 9 0 14 4 0 75 111 0 0 0 0
"hr" 81 203 2 1 385 9 9 0 13 2 0 76 112 0 0 0 45
to the accompaniment of.chisq : 2 senses, 1427 lines, 11 significant
"" "h" "ah" "af" "c" "g" "l" "w" "wc" "ln" "pos" "ri" "s" "as" "cpa" "fn" "vn" "o"
"h" 0 0 0 0 2 0 0 0 0 0 0 0 0 0 0 0 0
"hl" 0 0 0 1 1 0 0 0 0 0 0 0 0 0 0 0 0
"l" 0 0 0 1 2 0 0 0 0 0 0 0 0 0 0 0 0
"vl" 0 0 0 0 2 0 0 0 0 0 0 0 0 0 0 0 0
"wl" 0 0 0 0 1 0 0 0 0 0 0 0 0 0 0 0 0
"c" 0 0 0 0 0 0 0 0 1 0 0 0 0 0 0 0 0
"hr" 0 0 0 0 0 0 0 0 0 0 0 0 0 0 0 0 0
to.chisq : 14 senses, 34302 lines, 13851 significant
"" "h" "ah" "af" "c" "g" "l" "w" "wc" "ln" "pos" "ri" "s" "as" "cpa" "fn" "vn" "o"
"h" 286 506 11 0 1097 15 7 4 21 6 0 264 765 1 4 0 16
"hl" 192 365 11 1 829 9 5 3 20 5 0 189 572 0 0 0 0
"l" 297 477 6 1 1109 14 12 2 21 6 0 260 759 0 0 0 0
"vl" 262 353 3 0 1029 13 11 0 12 3 0 235 687 0 0 0 0
"wl" 176 345 13 1 799 9 6 4 17 7 0 177 524 0 0 0 0
"c" 28 204 7 1 185 4 4 0 13 6 0 13 39 0 0 0 0
"hr" 27 181 5 1 177 3 3 0 13 4 0 12 38 0 0 0 29
toward.chisq : 6 senses, 16219 lines, 4529 significant
"" "h" "ah" "af" "c" "g" "l" "w" "wc" "ln" "pos" "ri" "s" "as" "cpa" "fn" "vn" "o"
"h" 92 137 3 0 344 5 3 1 10 3 0 49 160 0 1 0 15
"hl" 75 141 4 0 347 4 3 2 15 2 0 46 127 0 0 0 0
"l" 106 157 2 0 382 5 4 1 9 1 0 67 209 0 0 0 0
"vl" 84 77 0 0 292 2 1 0 1 0 0 49 157 0 0 0 0
"wl" 43 113 6 0 198 3 3 3 13 2 0 20 53 0 0 0 0
"c" 34 130 3 0 188 1 1 1 17 4 0 22 34 0 0 0 0
"hr" 34 128 3 0 188 1 1 1 13 4 0 19 31 0 0 0 19
towards.chisq : 6 senses, 17770 lines, 7048 significant
"" "h" "ah" "af" "c" "g" "l" "w" "wc" "ln" "pos" "ri" "s" "as" "cpa" "fn" "vn" "o"
"h" 109 206 6 1 569 6 6 1 18 2 0 104 247 1 1 0 18
"hl" 106 236 3 1 531 6 4 0 19 1 0 103 224 0 0 0 0
"l" 135 270 4 1 577 7 6 0 13 1 0 115 269 0 0 0 0
"vl" 96 135 2 0 457 3 2 0 2 0 0 82 217 0 0 0 0
"wl" 98 221 2 0 544 5 4 2 21 2 0 102 225 0 0 0 0
"c" 47 138 2 1 220 2 2 1 18 4 0 23 45 0 0 0 0
"hr" 34 121 2 1 164 1 1 1 16 4 0 14 23 0 0 0 14
under cover of.chisq : 3 senses, 1314 lines, 19 significant
"" "h" "ah" "af" "c" "g" "l" "w" "wc" "ln" "pos" "ri" "s" "as" "cpa" "fn" "vn" "o"
"h" 0 0 0 0 0 0 0 0 0 0 0 0 0 0 0 0 0
"hl" 0 0 0 0 0 0 0 0 0 0 0 0 0 0 0 0 0
"l" 0 0 0 0 1 0 0 0 0 0 0 0 0 0 0 0 0
"vl" 0 0 0 0 1 0 0 0 0 0 0 0 0 0 0 0 0
"wl" 0 0 0 0 0 0 0 0 0 0 0 0 0 0 0 0 0
"c" 0 3 0 0 2 0 0 0 0 0 0 1 1 0 0 0 0
"hr" 0 3 1 0 2 0 0 0 0 0 0 1 1 0 0 0 2
under.chisq : 15 senses, 14358 lines, 2906 significant
"" "h" "ah" "af" "c" "g" "l" "w" "wc" "ln" "pos" "ri" "s" "as" "cpa" "fn" "vn" "o"
"h" 53 62 2 0 138 0 0 0 1 1 0 12 53 0 0 0 0
"hl" 43 78 2 0 158 0 0 0 6 1 0 10 28 0 0 0 0
"l" 59 71 2 0 150 0 1 0 1 1 0 19 58 0 0 0 0
"vl" 59 59 0 0 149 0 1 0 0 1 0 19 51 0 0 0 0
"wl" 40 71 2 0 132 0 0 0 7 0 0 10 34 0 0 0 0
"c" 43 178 7 1 282 4 3 0 15 1 0 31 91 0 0 0 0
"hr" 37 167 8 1 263 3 3 0 13 1 0 25 64 0 0 0 20
underneath.chisq : 5 senses, 11237 lines, 1129 significant
"" "h" "ah" "af" "c" "g" "l" "w" "wc" "ln" "pos" "ri" "s" "as" "cpa" "fn" "vn" "o"
"h" 33 55 3 0 152 2 3 0 1 1 0 19 53 0 0 0 0
"hl" 10 18 3 0 95 1 1 0 0 3 0 12 41 0 0 0 0
"l" 7 7 3 0 49 0 2 0 0 1 0 6 10 0 0 0 0
"vl" 7 4 4 1 34 0 2 0 0 0 0 6 11 0 0 0 0
"wl" 12 28 1 1 110 4 4 1 3 4 0 12 41 0 0 0 0
"c" 9 51 0 1 54 1 1 0 5 0 0 0 0 0 0 0 0
"hr" 8 51 0 1 53 1 1 0 5 0 0 0 0 0 0 0 6
unlike.chisq : 3 senses, 4777 lines, 1083 significant
"" "h" "ah" "af" "c" "g" "l" "w" "wc" "ln" "pos" "ri" "s" "as" "cpa" "fn" "vn" "o"
"h" 3 10 1 0 14 0 0 1 0 1 0 1 1 0 0 0 0
"hl" 12 58 1 0 161 1 1 2 7 3 1 12 41 0 0 0 0
"l" 17 64 5 0 174 1 2 2 8 4 1 13 43 0 0 0 0
"vl" 17 35 4 0 167 1 2 1 6 3 1 13 43 0 0 0 0
"wl" 0 4 1 0 56 1 1 2 1 1 1 2 2 0 0 0 0
"c" 0 4 1 0 28 1 1 0 0 3 0 0 0 0 0 0 0
"hr" 0 4 2 0 3 1 1 0 0 3 0 0 0 0 0 0 0
unto.chisq : 8 senses, 14004 lines, 3936 significant
"" "h" "ah" "af" "c" "g" "l" "w" "wc" "ln" "pos" "ri" "s" "as" "cpa" "fn" "vn" "o"
"h" 74 134 6 0 356 3 1 2 8 3 0 77 179 0 0 0 8
"hl" 55 131 2 0 245 2 2 2 9 2 0 26 71 0 0 0 0
"l" 73 161 2 0 367 3 3 1 7 3 0 51 148 0 0 0 0
"vl" 56 81 0 0 282 2 2 0 1 1 0 41 126 0 0 0 0
"wl" 35 115 2 0 223 3 2 3 6 2 0 26 70 0 0 0 0
"c" 15 98 8 0 131 4 4 2 13 3 0 8 32 0 0 0 0
"hr" 15 100 6 0 131 4 4 1 12 3 0 8 32 0 0 0 6
up against.chisq : 2 senses, 4897 lines, 2791 significant
"" "h" "ah" "af" "c" "g" "l" "w" "wc" "ln" "pos" "ri" "s" "as" "cpa" "fn" "vn" "o"
"h" 38 114 4 0 222 1 3 0 8 2 0 30 100 0 0 0 0
"hl" 23 72 5 0 184 1 3 1 9 3 0 15 55 0 0 0 0
"l" 41 122 3 0 279 2 3 1 8 2 0 40 123 0 0 0 0
"vl" 41 116 4 0 273 2 3 0 7 2 0 40 123 0 0 0 0
"wl" 20 51 5 0 160 1 3 0 7 3 0 14 50 0 0 0 0
"c" 13 36 0 0 106 1 1 0 4 0 0 4 8 0 0 0 0
"hr" 15 35 0 0 101 1 1 0 4 0 0 4 8 0 0 0 7
up and down.chisq : 2 senses, 8144 lines, 4461 significant
"" "h" "ah" "af" "c" "g" "l" "w" "wc" "ln" "pos" "ri" "s" "as" "cpa" "fn" "vn" "o"
"h" 87 130 0 0 340 2 0 2 11 3 0 62 189 0 0 0 0
"hl" 90 149 0 0 366 2 0 2 10 4 0 62 193 0 0 0 0
"l" 91 147 3 0 370 3 0 1 8 2 0 74 227 0 0 0 0
"vl" 92 117 3 0 377 3 0 0 5 1 0 74 226 0 0 0 0
"wl" 78 128 2 0 271 1 0 3 12 3 0 47 129 0 0 0 0
"c" 0 0 0 0 0 0 0 0 0 0 0 0 0 0 0 0 0
"hr" 28 50 3 1 125 2 2 0 4 3 0 14 15 0 0 0 12
up for.chisq : 4 senses, 4483 lines, 1568 significant
"" "h" "ah" "af" "c" "g" "l" "w" "wc" "ln" "pos" "ri" "s" "as" "cpa" "fn" "vn" "o"
"h" 35 42 1 0 153 1 0 0 2 0 0 19 54 0 0 0 0
"hl" 35 42 0 0 149 1 0 0 2 1 0 19 54 0 0 0 0
"l" 35 41 0 0 150 1 0 0 2 0 0 19 54 0 0 0 0
"vl" 35 41 0 0 151 1 0 0 2 0 0 19 54 0 0 0 0
"wl" 35 42 2 0 150 1 0 0 2 0 0 19 54 0 0 0 0
"c" 0 15 2 0 5 0 0 0 1 0 0 0 0 0 0 0 0
"hr" 0 15 2 0 5 0 0 0 1 0 0 0 0 0 0 0 2
up to.chisq : 7 senses, 10555 lines, 5022 significant
"" "h" "ah" "af" "c" "g" "l" "w" "wc" "ln" "pos" "ri" "s" "as" "cpa" "fn" "vn" "o"
"h" 85 149 0 1 538 2 1 2 12 6 0 61 141 0 0 0 0
"hl" 61 87 0 0 367 2 2 0 6 2 0 69 160 0 0 0 0
"l" 92 114 0 0 409 3 2 0 4 1 0 89 208 0 0 0 0
"vl" 96 113 0 0 441 3 2 0 4 1 0 89 209 0 0 0 0
"wl" 64 89 0 0 419 2 1 1 5 4 0 70 165 0 0 0 0
"c" 13 94 4 0 165 1 1 1 10 3 1 9 23 0 0 0 0
"hr" 12 67 2 0 119 0 0 0 6 5 0 8 15 0 0 0 9
up.chisq : 4 senses, 1819 lines, 115 significant
"" "h" "ah" "af" "c" "g" "l" "w" "wc" "ln" "pos" "ri" "s" "as" "cpa" "fn" "vn" "o"
"h" 1 3 0 0 8 0 0 0 0 0 0 3 6 0 0 0 0
"hl" 1 0 0 0 2 0 0 0 0 0 0 0 0 0 0 0 0
"l" 1 3 0 0 8 0 0 0 0 0 0 3 6 0 0 0 0
"vl" 1 3 0 0 8 0 0 0 0 0 0 3 6 0 0 0 0
"wl" 1 0 0 0 1 0 0 0 0 0 0 0 0 0 0 0 0
"c" 0 5 0 0 3 0 0 0 1 0 0 0 0 0 0 0 0
"hr" 3 9 0 1 13 1 1 0 1 0 0 2 2 0 0 0 5
upon.chisq : 13 senses, 11308 lines, 4161 significant
"" "h" "ah" "af" "c" "g" "l" "w" "wc" "ln" "pos" "ri" "s" "as" "cpa" "fn" "vn" "o"
"h" 73 147 1 0 318 2 1 0 12 2 0 46 119 0 1 0 3
"hl" 50 92 1 1 246 2 1 1 12 3 0 36 85 0 0 0 0
"l" 115 184 1 1 416 5 1 1 10 3 0 82 218 0 0 0 0
"vl" 110 163 0 0 396 5 1 0 7 1 0 81 216 0 0 0 0
"wl" 50 93 0 1 255 2 0 1 13 3 0 36 86 0 0 0 0
"c" 12 50 0 1 81 3 3 0 8 2 0 0 5 0 0 0 0
"hr" 10 62 0 0 89 3 3 0 9 1 0 0 4 0 0 0 3
versus.chisq : 2 senses, 7658 lines, 545 significant
"" "h" "ah" "af" "c" "g" "l" "w" "wc" "ln" "pos" "ri" "s" "as" "cpa" "fn" "vn" "o"
"h" 10 14 2 1 51 0 0 1 7 2 0 8 17 0 0 0 0
"hl" 0 9 1 1 23 0 0 2 4 3 0 0 0 0 0 0 0
"l" 2 16 1 1 65 0 0 2 4 3 0 6 13 0 0 0 0
"vl" 2 6 0 0 31 0 0 0 0 0 0 5 13 0 0 0 0
"wl" 0 17 1 1 22 1 1 1 4 4 0 0 0 0 0 0 0
"c" 2 45 2 1 11 0 0 1 3 3 0 0 0 0 0 0 0
"hr" 11 46 2 1 26 0 0 0 3 3 0 0 0 0 0 0 7
via.chisq : 3 senses, 12880 lines, 2658 significant
"" "h" "ah" "af" "c" "g" "l" "w" "wc" "ln" "pos" "ri" "s" "as" "cpa" "fn" "vn" "o"
"h" 57 75 0 0 156 2 0 0 2 0 0 42 107 0 0 0 0
"hl" 3 42 1 1 46 0 0 0 5 1 0 2 5 0 0 0 0
"l" 81 145 0 1 312 2 0 0 8 2 0 86 255 0 0 0 0
"vl" 80 107 0 0 312 2 0 0 3 1 0 84 243 0 0 0 0
"wl" 3 26 0 0 28 0 0 0 5 1 0 0 3 0 0 0 0
"c" 5 63 7 1 67 0 0 0 6 2 0 2 5 0 0 0 0
"hr" 5 64 5 1 65 0 0 0 5 1 0 2 5 0 0 0 10
with.chisq : 19 senses, 31978 lines, 10399 significant
"" "h" "ah" "af" "c" "g" "l" "w" "wc" "ln" "pos" "ri" "s" "as" "cpa" "fn" "vn" "o"
"h" 267 415 4 1 901 9 7 3 18 10 0 190 607 0 1 0 10
"hl" 162 336 5 0 628 5 4 3 22 6 0 93 317 0 0 0 0
"l" 205 392 2 0 773 9 9 2 14 6 0 150 513 0 0 0 0
"vl" 187 275 0 0 705 8 8 0 3 3 0 141 465 0 0 0 0
"wl" 158 320 6 1 638 8 7 3 23 10 0 89 287 0 0 0 0
"c" 28 192 4 1 194 0 0 1 21 6 0 2 38 0 0 0 0
"hr" 31 194 4 1 163 0 0 0 13 3 0 2 26 0 0 0 31
within sight of.chisq : 2 senses, 2057 lines, 46 significant
"" "h" "ah" "af" "c" "g" "l" "w" "wc" "ln" "pos" "ri" "s" "as" "cpa" "fn" "vn" "o"
"h" 2 0 0 0 11 0 0 0 0 0 0 1 1 0 0 0 0
"hl" 0 0 0 0 1 0 0 0 0 0 0 0 0 0 0 0 0
"l" 0 0 0 0 1 0 0 0 0 0 0 0 0 0 0 0 0
"vl" 0 0 0 0 0 0 0 0 0 0 0 0 0 0 0 0 0
"wl" 0 0 0 0 12 0 0 0 0 0 0 0 0 0 0 0 0
"c" 0 4 0 0 1 0 0 0 0 0 0 0 0 0 0 0 0
"hr" 0 5 1 0 5 0 0 0 1 0 0 0 0 0 0 0 0
within.chisq : 7 senses, 11864 lines, 2114 significant
"" "h" "ah" "af" "c" "g" "l" "w" "wc" "ln" "pos" "ri" "s" "as" "cpa" "fn" "vn" "o"
"h" 43 67 2 0 130 1 0 1 3 1 0 23 84 0 0 0 0
"hl" 15 34 1 0 80 1 0 0 1 1 0 11 35 0 0 0 0
"l" 46 67 2 0 126 0 1 0 3 0 0 28 51 0 0 0 0
"vl" 44 54 2 0 125 0 1 0 2 0 0 29 51 0 0 0 0
"wl" 17 37 1 0 125 1 0 1 5 2 0 13 41 0 0 0 0
"c" 25 78 4 1 171 2 1 0 10 2 0 19 34 0 0 0 0
"hr" 25 79 3 1 165 2 1 0 9 3 0 18 32 0 0 0 20
without.chisq : 3 senses, 14572 lines, 1729 significant
"" "h" "ah" "af" "c" "g" "l" "w" "wc" "ln" "pos" "ri" "s" "as" "cpa" "fn" "vn" "o"
"h" 2 6 0 0 16 0 2 1 0 1 0 2 5 0 0 0 0
"hl" 1 1 0 0 13 0 0 0 0 1 0 0 0 0 0 0 0
"l" 16 19 0 0 117 2 0 0 0 1 0 22 60 0 0 0 0
"vl" 16 18 0 0 113 2 0 0 0 0 0 22 63 0 0 0 0
"wl" 1 1 0 0 7 0 0 0 0 0 0 0 0 0 0 0 0
"c" 29 178 3 1 188 1 1 2 22 5 0 17 37 0 0 0 0
"hr" 64 195 3 1 264 3 3 2 21 5 0 40 110 0 0 0 3
