a la.chisq : 2 senses, 214 lines, 4 significant
"" "h" "ah" "af" "c" "g" "l" "w" "wc" "ln" "pos" "ri" "s" "as" "cpa" "fn" "vn" "o"
"h" 0 0 0 0 0 0 0 0 0 0 0 0 0 0 0 0 0
"hl" 0 0 0 0 1 0 0 0 0 0 0 0 0 0 0 0 0
"l" 0 0 0 0 3 0 0 0 0 0 0 0 0 0 0 0 0
"vl" 0 0 0 0 0 0 0 0 0 0 0 0 0 0 0 0 0
"wl" 0 0 0 0 0 0 0 0 0 0 0 0 0 0 0 0 0
"c" 0 0 0 0 0 0 0 0 0 0 0 0 0 0 0 0 0
"hr" 0 0 0 0 0 0 0 0 0 0 0 0 0 0 0 0 0
aboard.chisq : 2 senses, 3078 lines, 1780 significant
"" "h" "ah" "af" "c" "g" "l" "w" "wc" "ln" "pos" "ri" "s" "as" "cpa" "fn" "vn" "o"
"h" 41 41 1 0 107 2 0 0 5 0 0 19 41 0 0 0 0
"hl" 35 35 1 0 51 2 0 0 2 1 0 7 29 0 0 0 0
"l" 35 35 1 1 97 2 1 0 3 1 0 18 40 0 0 0 0
"vl" 35 35 0 0 100 2 1 0 3 0 0 18 40 0 0 0 0
"wl" 35 35 1 0 51 2 0 0 2 0 0 7 29 0 0 0 0
"c" 91 91 2 1 130 3 2 0 2 1 0 19 23 0 0 0 0
"hr" 91 91 2 1 130 3 2 0 2 1 0 19 23 0 0 0 0
about.chisq : 5 senses, 2841 lines, 1162 significant
"" "h" "ah" "af" "c" "g" "l" "w" "wc" "ln" "pos" "ri" "s" "as" "cpa" "fn" "vn" "o"
"h" 66 66 0 0 146 1 0 1 7 1 0 24 52 0 0 0 0
"hl" 13 13 0 0 20 0 0 0 4 0 0 0 0 0 0 0 0
"l" 61 61 0 0 138 1 0 0 5 0 0 25 53 0 0 0 0
"vl" 58 58 0 0 142 1 0 0 3 0 0 25 53 0 0 0 0
"wl" 15 15 0 0 22 0 0 0 4 0 0 0 0 0 0 0 0
"c" 0 0 1 0 0 1 1 0 0 0 0 0 0 0 0 0 0
"hr" 1 1 1 0 0 1 1 0 0 0 0 0 0 0 0 0 0
above.chisq : 9 senses, 12212 lines, 8044 significant
"" "h" "ah" "af" "c" "g" "l" "w" "wc" "ln" "pos" "ri" "s" "as" "cpa" "fn" "vn" "o"
"h" 269 269 6 0 537 6 5 2 26 5 0 72 192 0 0 0 0
"hl" 181 181 6 0 413 7 6 1 25 3 0 59 134 0 0 0 0
"l" 269 269 5 0 581 10 8 0 25 4 0 102 284 0 0 0 0
"vl" 148 148 2 0 403 5 4 0 10 2 0 70 224 0 0 0 0
"wl" 163 163 5 0 420 9 7 3 23 4 0 70 141 0 0 0 0
"c" 250 250 6 1 353 4 4 0 18 2 0 49 87 0 0 0 0
"hr" 249 249 6 1 360 5 5 0 18 2 0 51 88 0 0 0 0
according to.chisq : 3 senses, 1238 lines, 761 significant
"" "h" "ah" "af" "c" "g" "l" "w" "wc" "ln" "pos" "ri" "s" "as" "cpa" "fn" "vn" "o"
"h" 0 0 0 0 0 0 0 0 0 0 0 0 0 0 0 0 0
"hl" 0 0 0 0 0 0 0 0 0 0 0 0 0 0 0 0 0
"l" 0 0 0 0 0 0 0 0 0 0 0 0 0 0 0 0 0
"vl" 0 0 0 0 0 0 0 0 0 0 0 0 0 0 0 0 0
"wl" 0 0 0 0 0 0 0 0 0 0 0 0 0 0 0 0 0
"c" 87 87 5 0 137 4 3 0 5 0 0 22 33 0 0 0 0
"hr" 87 87 5 0 133 4 3 0 4 0 0 22 33 0 0 0 0
across.chisq : 2 senses, 2164 lines, 241 significant
"" "h" "ah" "af" "c" "g" "l" "w" "wc" "ln" "pos" "ri" "s" "as" "cpa" "fn" "vn" "o"
"h" 24 24 0 0 29 0 0 0 4 1 0 1 3 0 0 0 0
"hl" 4 4 1 0 10 0 0 0 0 1 0 0 0 0 0 0 0
"l" 12 12 0 0 29 0 0 0 1 1 0 3 4 0 0 0 0
"vl" 13 13 0 0 23 0 0 0 1 0 0 2 3 0 0 0 0
"wl" 1 1 1 0 12 0 0 0 0 0 0 0 0 0 0 0 0
"c" 0 0 0 0 1 0 0 0 1 0 0 0 0 0 0 0 0
"hr" 0 0 0 0 1 0 0 0 0 0 0 0 0 0 0 0 0
after.chisq : 10 senses, 10536 lines, 9162 significant
"" "h" "ah" "af" "c" "g" "l" "w" "wc" "ln" "pos" "ri" "s" "as" "cpa" "fn" "vn" "o"
"h" 276 276 5 1 728 9 8 2 17 6 0 113 288 0 0 0 0
"hl" 273 273 4 1 588 10 8 2 17 6 0 93 207 0 0 0 0
"l" 312 312 4 1 716 11 9 1 20 6 0 109 263 0 0 0 0
"vl" 212 212 2 0 562 6 5 0 13 4 0 83 228 0 0 0 0
"wl" 233 233 4 1 525 10 9 2 18 6 0 84 184 0 0 0 0
"c" 145 145 7 0 345 7 7 1 14 4 0 36 62 0 0 0 0
"hr" 144 144 7 0 351 7 7 1 14 4 0 36 63 0 0 0 0
against.chisq : 10 senses, 13715 lines, 10824 significant
"" "h" "ah" "af" "c" "g" "l" "w" "wc" "ln" "pos" "ri" "s" "as" "cpa" "fn" "vn" "o"
"h" 371 371 7 0 606 13 12 2 27 3 0 107 271 0 0 0 0
"hl" 380 380 8 0 611 13 12 2 28 3 0 83 229 0 0 0 0
"l" 457 457 8 0 824 15 13 1 31 4 0 161 397 0 0 0 0
"vl" 228 228 5 0 519 7 6 0 14 3 0 115 288 0 0 0 0
"wl" 357 357 8 0 579 13 12 2 28 3 0 76 202 0 0 0 0
"c" 210 210 6 1 377 5 5 0 15 3 0 28 84 0 0 0 0
"hr" 210 210 6 1 357 5 5 0 15 3 0 28 83 0 0 0 0
ahead of.chisq : 3 senses, 2849 lines, 1491 significant
"" "h" "ah" "af" "c" "g" "l" "w" "wc" "ln" "pos" "ri" "s" "as" "cpa" "fn" "vn" "o"
"h" 0 0 0 0 0 0 0 0 0 0 0 0 0 0 0 0 0
"hl" 38 38 0 0 44 1 1 0 1 0 0 7 9 0 0 0 0
"l" 111 111 0 0 231 2 2 0 6 2 0 35 104 0 0 0 0
"vl" 91 91 0 0 231 2 1 0 6 2 0 29 103 0 0 0 0
"wl" 0 0 0 0 0 0 0 0 0 0 0 0 0 0 0 0 0
"c" 28 28 1 0 31 1 1 1 3 2 0 0 0 0 0 0 0
"hr" 28 28 1 0 31 1 1 1 3 2 0 0 0 0 0 0 0
all over.chisq : 2 senses, 2009 lines, 12 significant
"" "h" "ah" "af" "c" "g" "l" "w" "wc" "ln" "pos" "ri" "s" "as" "cpa" "fn" "vn" "o"
"h" 0 0 0 0 0 0 0 0 0 0 0 0 0 0 0 0 0
"hl" 0 0 0 0 1 0 0 0 0 0 0 0 0 0 0 0 0
"l" 0 0 0 0 0 0 0 0 0 0 0 0 0 0 0 0 0
"vl" 0 0 0 0 0 0 0 0 0 0 0 0 0 0 0 0 0
"wl" 0 0 0 0 0 0 0 0 0 0 0 0 0 0 0 0 0
"c" 0 0 0 0 0 0 0 0 0 0 0 0 0 0 0 0 0
"hr" 2 2 0 0 6 0 0 0 0 1 0 0 0 0 0 0 0
along.chisq : 3 senses, 5952 lines, 3418 significant
"" "h" "ah" "af" "c" "g" "l" "w" "wc" "ln" "pos" "ri" "s" "as" "cpa" "fn" "vn" "o"
"h" 71 71 1 0 231 1 1 0 3 4 0 76 165 0 0 0 0
"hl" 65 65 1 0 193 1 0 0 3 3 0 72 161 0 0 0 0
"l" 75 75 1 0 223 1 1 0 5 4 0 74 163 0 0 0 0
"vl" 72 72 1 0 220 1 1 0 5 4 0 73 161 0 0 0 0
"wl" 68 68 0 0 172 1 0 0 1 2 0 70 159 0 0 0 0
"c" 18 18 3 0 79 1 1 0 3 0 0 6 17 0 0 0 0
"hr" 49 49 4 0 149 2 2 0 5 0 0 14 37 0 0 0 0
alongside.chisq : 3 senses, 6973 lines, 3262 significant
"" "h" "ah" "af" "c" "g" "l" "w" "wc" "ln" "pos" "ri" "s" "as" "cpa" "fn" "vn" "o"
"h" 90 90 0 0 389 2 0 0 3 0 0 47 159 0 0 0 0
"hl" 52 52 0 0 200 1 0 0 4 0 0 31 81 0 0 0 0
"l" 89 89 0 0 368 2 0 0 4 0 0 47 159 0 0 0 0
"vl" 84 84 0 0 382 2 0 0 3 0 0 47 149 0 0 0 0
"wl" 54 54 0 0 197 1 0 0 4 0 0 31 81 0 0 0 0
"c" 18 18 0 1 16 1 1 0 4 1 0 2 2 0 0 0 0
"hr" 17 17 1 1 19 1 1 0 4 1 0 2 2 0 0 0 0
amid.chisq : 2 senses, 2267 lines, 154 significant
"" "h" "ah" "af" "c" "g" "l" "w" "wc" "ln" "pos" "ri" "s" "as" "cpa" "fn" "vn" "o"
"h" 5 5 0 0 11 0 0 0 0 0 0 1 1 0 0 0 0
"hl" 0 0 0 0 13 0 0 0 0 0 0 0 0 0 0 0 0
"l" 6 6 0 0 17 0 0 0 0 0 0 0 1 0 0 0 0
"vl" 6 6 0 0 11 0 0 0 0 0 0 0 1 0 0 0 0
"wl" 0 0 0 0 10 0 0 0 0 0 0 0 0 0 0 0 0
"c" 21 21 0 0 3 0 0 0 2 0 0 0 0 0 0 0 0
"hr" 3 3 0 0 1 0 0 0 0 0 0 0 0 0 0 0 0
among.chisq : 4 senses, 4165 lines, 1969 significant
"" "h" "ah" "af" "c" "g" "l" "w" "wc" "ln" "pos" "ri" "s" "as" "cpa" "fn" "vn" "o"
"h" 45 45 1 0 146 2 0 0 4 0 0 21 64 0 0 0 0
"hl" 32 32 0 0 112 1 0 0 4 0 0 12 40 0 0 0 0
"l" 44 44 1 0 117 2 0 0 6 0 0 19 59 0 0 0 0
"vl" 32 32 1 0 123 2 0 0 3 0 0 19 56 0 0 0 0
"wl" 42 42 0 0 121 1 0 1 7 2 0 12 40 0 0 0 0
"c" 50 50 5 0 117 4 5 0 5 1 0 19 42 0 0 0 0
"hr" 44 44 3 0 116 4 4 0 5 1 0 19 42 0 0 0 0
apart from.chisq : 2 senses, 2069 lines, 29 significant
"" "h" "ah" "af" "c" "g" "l" "w" "wc" "ln" "pos" "ri" "s" "as" "cpa" "fn" "vn" "o"
"h" 0 0 0 0 1 0 0 0 0 1 0 0 0 0 0 0 0
"hl" 0 0 0 0 1 0 0 0 0 0 0 0 0 0 0 0 0
"l" 3 3 0 0 0 0 0 0 0 1 0 0 0 0 0 0 0
"vl" 3 3 0 0 1 0 0 0 0 1 0 0 0 0 0 0 0
"wl" 0 0 0 0 0 0 0 0 0 0 0 0 0 0 0 0 0
"c" 0 0 0 0 2 0 0 0 1 0 0 0 0 0 0 0 0
"hr" 2 2 0 0 1 0 0 0 3 0 0 0 0 0 0 0 0
around.chisq : 5 senses, 6777 lines, 2717 significant
"" "h" "ah" "af" "c" "g" "l" "w" "wc" "ln" "pos" "ri" "s" "as" "cpa" "fn" "vn" "o"
"h" 66 66 2 0 78 4 1 0 8 1 0 20 76 0 0 0 0
"hl" 20 20 0 0 71 2 1 0 3 1 0 19 70 0 0 0 0
"l" 124 124 3 0 164 5 1 0 7 1 0 28 103 0 0 0 0
"vl" 111 111 1 0 141 2 0 0 4 0 0 23 89 0 0 0 0
"wl" 29 29 2 0 65 2 1 0 5 1 0 19 68 0 0 0 0
"c" 116 116 2 0 144 3 3 1 10 2 0 24 43 0 0 0 0
"hr" 115 115 2 0 144 3 3 0 10 2 0 24 43 0 0 0 0
as.chisq : 2 senses, 426 lines, 2 significant
"" "h" "ah" "af" "c" "g" "l" "w" "wc" "ln" "pos" "ri" "s" "as" "cpa" "fn" "vn" "o"
"h" 0 0 0 0 1 0 0 0 0 0 0 0 0 0 0 0 0
"hl" 0 0 0 0 0 0 0 0 0 0 0 0 0 0 0 0 0
"l" 0 0 0 0 0 0 0 0 0 0 0 0 0 0 0 0 0
"vl" 0 0 0 0 1 0 0 0 0 0 0 0 0 0 0 0 0
"wl" 0 0 0 0 0 0 0 0 0 0 0 0 0 0 0 0 0
"c" 0 0 0 0 0 0 0 0 0 0 0 0 0 0 0 0 0
"hr" 0 0 0 0 0 0 0 0 0 0 0 0 0 0 0 0 0
astride.chisq : 2 senses, 1649 lines, 282 significant
"" "h" "ah" "af" "c" "g" "l" "w" "wc" "ln" "pos" "ri" "s" "as" "cpa" "fn" "vn" "o"
"h" 0 0 0 0 0 0 0 0 0 0 0 0 0 0 0 0 0
"hl" 0 0 0 0 0 0 0 0 0 0 0 0 0 0 0 0 0
"l" 0 0 0 0 0 0 0 0 0 0 0 0 0 0 0 0 0
"vl" 0 0 0 0 0 0 0 0 0 0 0 0 0 0 0 0 0
"wl" 0 0 0 0 0 0 0 0 0 0 0 0 0 0 0 0 0
"c" 43 43 0 0 33 1 1 0 1 0 0 9 9 0 0 0 0
"hr" 44 44 0 0 33 1 1 0 1 0 0 9 9 0 0 0 0
at.chisq : 11 senses, 1771 lines, 792 significant
"" "h" "ah" "af" "c" "g" "l" "w" "wc" "ln" "pos" "ri" "s" "as" "cpa" "fn" "vn" "o"
"h" 10 10 0 0 71 1 0 0 0 0 0 12 40 0 0 0 0
"hl" 20 20 0 0 97 1 0 0 1 0 0 12 41 0 0 0 0
"l" 11 11 0 0 61 1 0 0 0 0 0 10 31 0 0 0 0
"vl" 11 11 0 0 64 1 0 0 0 0 0 10 32 0 0 0 0
"wl" 20 20 0 0 106 1 0 0 1 0 0 12 41 0 0 0 0
"c" 0 0 0 0 0 0 0 0 0 0 0 0 0 0 0 0 0
"hr" 0 0 0 0 0 0 0 0 0 1 0 0 0 0 0 0 0
athwart.chisq : 2 senses, 1947 lines, 1310 significant
"" "h" "ah" "af" "c" "g" "l" "w" "wc" "ln" "pos" "ri" "s" "as" "cpa" "fn" "vn" "o"
"h" 42 42 1 0 88 1 0 0 3 0 0 23 66 0 0 0 0
"hl" 43 43 1 0 88 1 0 0 2 0 0 18 54 0 0 0 0
"l" 43 43 0 0 95 1 0 0 1 0 0 23 66 0 0 0 0
"vl" 43 43 0 0 96 1 0 0 1 0 0 23 66 0 0 0 0
"wl" 43 43 1 0 87 1 0 0 2 0 0 18 54 0 0 0 0
"c" 0 0 0 0 0 0 0 0 0 0 0 0 0 0 0 0 0
"hr" 0 0 0 0 0 0 0 0 0 0 0 0 0 0 0 0 0
before.chisq : 4 senses, 4185 lines, 2109 significant
"" "h" "ah" "af" "c" "g" "l" "w" "wc" "ln" "pos" "ri" "s" "as" "cpa" "fn" "vn" "o"
"h" 70 70 1 0 109 2 1 0 0 1 0 32 85 0 0 0 0
"hl" 33 33 1 0 68 1 0 0 2 1 0 17 47 0 0 0 0
"l" 87 87 1 0 101 2 1 0 1 1 0 32 85 0 0 0 0
"vl" 86 86 1 0 109 2 1 0 0 1 0 32 85 0 0 0 0
"wl" 34 34 1 0 59 1 0 1 3 0 0 17 49 0 0 0 0
"c" 78 78 0 0 77 1 1 0 2 0 0 15 19 0 0 0 0
"hr" 75 75 0 0 76 1 1 0 2 0 0 15 19 0 0 0 0
behind.chisq : 9 senses, 15231 lines, 13031 significant
"" "h" "ah" "af" "c" "g" "l" "w" "wc" "ln" "pos" "ri" "s" "as" "cpa" "fn" "vn" "o"
"h" 529 529 3 0 1035 7 4 2 26 4 0 180 456 0 0 0 0
"hl" 507 507 3 0 985 6 5 2 29 5 0 162 401 0 0 0 0
"l" 581 581 6 0 1138 9 8 1 25 4 0 198 500 0 0 0 0
"vl" 293 293 5 0 833 6 5 0 9 2 0 144 400 0 0 0 0
"wl" 399 399 3 0 748 5 4 2 26 4 0 94 206 0 0 0 0
"c" 79 79 4 1 121 6 6 1 8 4 0 9 26 0 0 0 0
"hr" 88 88 4 1 127 6 6 1 9 4 0 9 26 0 0 0 0
below.chisq : 4 senses, 7239 lines, 5199 significant
"" "h" "ah" "af" "c" "g" "l" "w" "wc" "ln" "pos" "ri" "s" "as" "cpa" "fn" "vn" "o"
"h" 151 151 1 0 450 3 1 0 9 1 0 52 121 0 0 0 0
"hl" 160 160 2 0 466 3 1 0 11 0 0 52 121 0 0 0 0
"l" 159 159 1 0 452 3 2 0 10 1 0 52 121 0 0 0 0
"vl" 142 142 1 0 453 3 2 0 8 1 0 52 120 0 0 0 0
"wl" 126 126 0 0 313 2 1 0 9 1 0 27 70 0 0 0 0
"c" 72 72 1 0 146 2 1 0 8 0 0 19 41 0 0 0 0
"hr" 72 72 1 0 146 2 1 0 8 0 0 19 41 0 0 0 0
beneath.chisq : 6 senses, 6630 lines, 3427 significant
"" "h" "ah" "af" "c" "g" "l" "w" "wc" "ln" "pos" "ri" "s" "as" "cpa" "fn" "vn" "o"
"h" 61 61 0 1 183 2 0 0 6 1 0 17 49 0 0 0 0
"hl" 99 99 1 0 211 2 0 0 11 3 0 22 64 0 0 0 0
"l" 124 124 0 0 223 5 0 0 8 2 0 42 108 0 0 0 0
"vl" 66 66 2 0 158 3 0 0 2 1 0 32 89 0 0 0 0
"wl" 75 75 4 0 241 2 1 2 12 3 0 29 61 0 0 0 0
"c" 82 82 7 1 181 4 3 0 7 1 0 25 41 0 0 0 0
"hr" 114 114 5 1 212 4 3 0 8 1 0 28 50 0 0 0 0
beside.chisq : 3 senses, 3849 lines, 2462 significant
"" "h" "ah" "af" "c" "g" "l" "w" "wc" "ln" "pos" "ri" "s" "as" "cpa" "fn" "vn" "o"
"h" 79 79 2 0 220 2 1 0 10 3 0 15 70 0 0 0 0
"hl" 92 92 4 0 152 2 2 3 12 3 0 13 33 0 0 0 0
"l" 116 116 4 0 253 3 3 2 12 5 0 20 83 0 0 0 0
"vl" 73 73 4 0 212 2 1 0 6 2 0 16 72 0 0 0 0
"wl" 92 92 4 0 151 2 2 3 12 3 0 13 33 0 0 0 0
"c" 12 12 0 0 16 0 0 0 2 0 0 1 1 0 0 0 0
"hr" 12 12 0 0 16 0 0 0 2 0 0 1 1 0 0 0 0
between.chisq : 9 senses, 9955 lines, 6757 significant
"" "h" "ah" "af" "c" "g" "l" "w" "wc" "ln" "pos" "ri" "s" "as" "cpa" "fn" "vn" "o"
"h" 170 170 10 0 389 8 7 1 23 3 0 49 154 0 0 0 0
"hl" 174 174 10 0 460 9 7 1 21 2 0 63 169 0 0 0 0
"l" 330 330 10 0 812 12 7 0 25 3 0 133 374 0 0 0 0
"vl" 193 193 3 0 510 5 2 0 9 2 0 80 244 0 0 0 0
"wl" 161 161 10 0 353 8 7 2 20 3 0 47 146 0 0 0 0
"c" 71 71 1 0 60 1 1 1 8 3 0 0 3 0 0 0 0
"hr" 86 86 2 0 79 1 1 1 8 3 0 1 0 0 0 0 0
beyond.chisq : 9 senses, 11241 lines, 8149 significant
"" "h" "ah" "af" "c" "g" "l" "w" "wc" "ln" "pos" "ri" "s" "as" "cpa" "fn" "vn" "o"
"h" 114 114 3 0 586 5 3 1 10 4 0 101 215 0 0 0 0
"hl" 129 129 2 1 606 5 3 1 14 3 0 108 224 0 0 0 0
"l" 129 129 1 1 603 5 3 0 9 4 0 116 244 0 0 0 0
"vl" 100 100 0 0 575 4 2 0 5 3 0 109 232 0 0 0 0
"wl" 56 56 6 0 379 5 3 3 8 5 0 44 92 0 0 0 0
"c" 267 267 6 0 574 6 5 2 15 4 0 61 142 0 0 0 0
"hr" 278 279 6 0 586 6 5 2 15 4 0 62 145 0 0 0 0
but for.chisq : 2 senses, 800 lines, 3 significant
"" "h" "ah" "af" "c" "g" "l" "w" "wc" "ln" "pos" "ri" "s" "as" "cpa" "fn" "vn" "o"
"h" 0 0 0 0 0 0 0 0 0 0 0 0 0 0 0 0 0
"hl" 0 0 0 0 1 0 0 0 0 0 0 0 0 0 0 0 0
"l" 0 0 0 0 0 0 0 0 0 1 0 0 0 0 0 0 0
"vl" 0 0 0 0 0 0 0 0 0 1 0 0 0 0 0 0 0
"wl" 0 0 0 0 0 0 0 0 0 0 0 0 0 0 0 0 0
"c" 0 0 0 0 0 0 0 0 0 0 0 0 0 0 0 0 0
"hr" 0 0 0 0 0 0 0 0 0 0 0 0 0 0 0 0 0
by way of.chisq : 3 senses, 2764 lines, 26 significant
"" "h" "ah" "af" "c" "g" "l" "w" "wc" "ln" "pos" "ri" "s" "as" "cpa" "fn" "vn" "o"
"h" 0 0 0 0 0 0 0 0 0 0 0 0 0 0 0 0 0
"hl" 0 0 0 0 0 0 0 0 0 0 0 0 0 0 0 0 0
"l" 0 0 0 0 1 0 0 0 0 0 0 0 0 0 0 0 0
"vl" 0 0 0 0 1 0 0 0 0 0 0 0 0 0 0 0 0
"wl" 0 0 0 0 0 0 0 0 0 0 0 0 0 0 0 0 0
"c" 4 6 0 0 1 0 0 0 2 0 0 0 0 0 0 0 0
"hr" 3 6 0 0 1 0 0 0 1 0 0 0 0 0 0 0 0
courtesy of.chisq : 2 senses, 1044 lines, 0 significant
"" "h" "ah" "af" "c" "g" "l" "w" "wc" "ln" "pos" "ri" "s" "as" "cpa" "fn" "vn" "o"
"h" 0 0 0 0 0 0 0 0 0 0 0 0 0 0 0 0 0
"hl" 0 0 0 0 0 0 0 0 0 0 0 0 0 0 0 0 0
"l" 0 0 0 0 0 0 0 0 0 0 0 0 0 0 0 0 0
"vl" 0 0 0 0 0 0 0 0 0 0 0 0 0 0 0 0 0
"wl" 0 0 0 0 0 0 0 0 0 0 0 0 0 0 0 0 0
"c" 0 0 0 0 0 0 0 0 0 0 0 0 0 0 0 0 0
"hr" 0 0 0 0 0 0 0 0 0 0 0 0 0 0 0 0 0
down.chisq : 5 senses, 5754 lines, 2856 significant
"" "h" "ah" "af" "c" "g" "l" "w" "wc" "ln" "pos" "ri" "s" "as" "cpa" "fn" "vn" "o"
"h" 67 67 0 0 198 2 1 1 1 1 0 20 69 0 0 0 0
"hl" 78 72 0 0 216 2 1 0 3 0 0 20 72 0 0 0 0
"l" 72 65 1 0 240 3 2 0 3 0 0 25 92 0 0 0 0
"vl" 56 56 1 0 234 3 2 0 3 0 0 24 85 0 0 0 0
"wl" 74 66 0 0 226 2 1 1 3 1 0 20 70 0 0 0 0
"c" 45 45 5 0 107 4 4 0 5 2 0 16 21 0 0 0 0
"hr" 52 52 5 1 116 4 4 0 7 2 0 16 21 0 0 0 0
due to.chisq : 2 senses, 786 lines, 1 significant
"" "h" "ah" "af" "c" "g" "l" "w" "wc" "ln" "pos" "ri" "s" "as" "cpa" "fn" "vn" "o"
"h" 0 0 0 0 0 0 0 0 0 0 0 0 0 0 0 0 0
"hl" 0 0 0 0 1 0 0 0 0 0 0 0 0 0 0 0 0
"l" 0 0 0 0 0 0 0 0 0 0 0 0 0 0 0 0 0
"vl" 0 0 0 0 0 0 0 0 0 0 0 0 0 0 0 0 0
"wl" 0 0 0 0 0 0 0 0 0 0 0 0 0 0 0 0 0
"c" 0 0 0 0 0 0 0 0 0 0 0 0 0 0 0 0 0
"hr" 0 0 0 0 0 0 0 0 0 0 0 0 0 0 0 0 0
during.chisq : 2 senses, 3365 lines, 89 significant
"" "h" "ah" "af" "c" "g" "l" "w" "wc" "ln" "pos" "ri" "s" "as" "cpa" "fn" "vn" "o"
"h" 3 3 0 0 3 0 0 0 0 0 0 0 0 0 0 0 0
"hl" 0 0 0 0 10 0 0 0 0 0 0 0 1 0 0 0 0
"l" 4 4 0 0 19 0 0 0 0 0 0 1 1 0 0 0 0
"vl" 4 4 0 0 12 0 0 0 0 0 0 0 1 0 0 0 0
"wl" 0 0 0 0 13 0 0 0 0 0 0 0 1 0 0 0 0
"c" 0 0 0 0 2 0 0 0 0 0 0 0 0 0 0 0 0
"hr" 0 0 0 0 3 0 0 0 0 0 0 0 0 0 0 0 0
for the benefit of.chisq : 2 senses, 708 lines, 14 significant
"" "h" "ah" "af" "c" "g" "l" "w" "wc" "ln" "pos" "ri" "s" "as" "cpa" "fn" "vn" "o"
"h" 0 0 0 0 0 0 0 0 0 0 0 0 0 0 0 0 0
"hl" 0 0 0 0 0 0 0 0 0 0 0 0 0 0 0 0 0
"l" 3 3 0 0 1 0 0 0 0 0 0 0 0 0 0 0 0
"vl" 3 3 0 0 1 0 0 0 0 0 0 0 0 0 0 0 0
"wl" 0 0 0 0 0 0 0 0 0 0 0 0 0 0 0 0 0
"c" 0 0 0 0 0 0 0 0 0 0 0 0 0 0 0 0 0
"hr" 0 0 0 0 0 0 0 0 0 0 0 0 0 0 0 0 0
for.chisq : 14 senses, 15033 lines, 8491 significant
"" "h" "ah" "af" "c" "g" "l" "w" "wc" "ln" "pos" "ri" "s" "as" "cpa" "fn" "vn" "o"
"h" 275 275 2 0 694 5 7 2 20 4 0 92 277 0 0 0 0
"hl" 181 181 2 0 572 4 4 2 19 2 0 60 186 0 0 0 0
"l" 207 207 1 0 716 6 7 1 18 1 0 96 269 0 0 0 0
"vl" 158 158 0 0 613 4 4 0 11 0 0 89 252 0 0 0 0
"wl" 180 180 2 0 569 4 4 2 19 3 0 58 184 0 0 0 0
"c" 183 183 6 1 313 4 3 1 15 4 0 35 78 0 0 0 0
"hr" 162 162 6 1 307 4 3 1 15 4 0 34 77 0 0 0 0
from.chisq : 13 senses, 14220 lines, 7029 significant
"" "h" "ah" "af" "c" "g" "l" "w" "wc" "ln" "pos" "ri" "s" "as" "cpa" "fn" "vn" "o"
"h" 187 187 12 0 432 10 11 3 19 6 0 79 205 0 0 0 0
"hl" 153 153 7 0 398 6 7 3 18 5 0 57 143 0 0 0 0
"l" 232 232 9 0 647 9 10 2 19 4 0 107 300 0 0 0 0
"vl" 158 158 1 0 473 5 6 0 9 2 0 89 253 0 0 0 0
"wl" 148 148 8 0 370 7 8 4 21 7 0 55 138 0 0 0 0
"c" 124 124 7 1 240 4 2 2 16 4 0 34 80 0 0 0 0
"hr" 134 134 7 1 243 4 2 1 14 3 0 34 74 0 0 0 0
give or take.chisq : 2 senses, 2539 lines, 2 significant
"" "h" "ah" "af" "c" "g" "l" "w" "wc" "ln" "pos" "ri" "s" "as" "cpa" "fn" "vn" "o"
"h" 0 0 0 0 0 0 0 0 0 0 0 0 0 0 0 0 0
"hl" 0 0 0 0 0 0 0 0 0 0 0 0 0 0 0 0 0
"l" 0 0 0 0 0 0 0 0 0 0 0 0 0 0 0 0 0
"vl" 0 0 0 0 0 0 0 0 0 0 0 0 0 0 0 0 0
"wl" 0 0 0 0 0 0 0 0 0 0 0 0 0 0 0 0 0
"c" 0 0 0 0 0 0 0 0 0 0 0 0 0 0 0 0 0
"hr" 1 0 0 0 0 0 0 0 0 1 0 0 0 0 0 0 0
in bed with.chisq : 2 senses, 2279 lines, 536 significant
"" "h" "ah" "af" "c" "g" "l" "w" "wc" "ln" "pos" "ri" "s" "as" "cpa" "fn" "vn" "o"
"h" 0 0 0 0 0 0 0 0 0 2 0 0 0 0 0 0 0
"hl" 0 0 0 0 0 0 0 0 0 0 0 0 0 0 0 0 0
"l" 0 0 1 0 6 0 0 0 1 2 0 0 0 0 0 0 0
"vl" 0 0 1 0 6 0 0 0 1 2 0 0 0 0 0 0 0
"wl" 0 0 0 0 0 0 0 0 0 0 0 0 0 0 0 0 0
"c" 53 53 0 0 100 1 1 0 2 0 0 21 26 0 0 0 0
"hr" 53 53 0 0 100 1 1 0 2 0 0 21 26 0 0 0 0
in favour of.chisq : 2 senses, 804 lines, 0 significant
"" "h" "ah" "af" "c" "g" "l" "w" "wc" "ln" "pos" "ri" "s" "as" "cpa" "fn" "vn" "o"
"h" 0 0 0 0 0 0 0 0 0 0 0 0 0 0 0 0 0
"hl" 0 0 0 0 0 0 0 0 0 0 0 0 0 0 0 0 0
"l" 0 0 0 0 0 0 0 0 0 0 0 0 0 0 0 0 0
"vl" 0 0 0 0 0 0 0 0 0 0 0 0 0 0 0 0 0
"wl" 0 0 0 0 0 0 0 0 0 0 0 0 0 0 0 0 0
"c" 0 0 0 0 0 0 0 0 0 0 0 0 0 0 0 0 0
"hr" 0 0 0 0 0 0 0 0 0 0 0 0 0 0 0 0 0
in front of.chisq : 3 senses, 2321 lines, 614 significant
"" "h" "ah" "af" "c" "g" "l" "w" "wc" "ln" "pos" "ri" "s" "as" "cpa" "fn" "vn" "o"
"h" 0 0 0 0 0 0 0 0 0 0 0 0 0 0 0 0 0
"hl" 0 0 0 0 0 0 0 0 0 0 0 0 0 0 0 0 0
"l" 48 48 0 0 95 1 0 0 5 0 0 9 24 0 0 0 0
"vl" 50 50 0 0 98 1 0 0 5 0 0 9 24 0 0 0 0
"wl" 0 0 0 0 0 0 0 0 0 0 0 0 0 0 0 0 0
"c" 17 17 0 0 45 1 1 0 1 1 0 8 8 0 0 0 0
"hr" 15 15 0 0 14 0 0 0 1 1 0 1 1 0 0 0 0
in proportion to.chisq : 2 senses, 907 lines, 18 significant
"" "h" "ah" "af" "c" "g" "l" "w" "wc" "ln" "pos" "ri" "s" "as" "cpa" "fn" "vn" "o"
"h" 0 0 0 0 0 0 0 0 0 0 0 0 0 0 0 0 0
"hl" 0 0 0 0 0 0 0 0 0 0 0 0 0 0 0 0 0
"l" 0 0 2 0 5 0 0 0 0 2 0 0 0 0 0 0 0
"vl" 0 0 2 0 5 0 0 0 0 2 0 0 0 0 0 0 0
"wl" 0 0 0 0 0 0 0 0 0 0 0 0 0 0 0 0 0
"c" 0 0 0 0 0 0 0 0 0 0 0 0 0 0 0 0 0
"hr" 0 0 0 0 0 0 0 0 0 0 0 0 0 0 0 0 0
in the course of.chisq : 2 senses, 2326 lines, 397 significant
"" "h" "ah" "af" "c" "g" "l" "w" "wc" "ln" "pos" "ri" "s" "as" "cpa" "fn" "vn" "o"
"h" 0 0 0 0 0 0 0 0 0 0 0 0 0 0 0 0 0
"hl" 0 0 0 0 0 0 0 0 0 0 0 0 0 0 0 0 0
"l" 0 0 0 0 0 0 0 0 0 0 0 0 0 0 0 0 0
"vl" 0 0 0 0 1 0 0 0 0 0 0 0 0 0 0 0 0
"wl" 0 0 0 0 0 0 0 0 0 0 0 0 0 0 0 0 0
"c" 37 37 2 0 87 1 1 0 2 0 0 13 18 0 0 0 0
"hr" 37 37 2 0 87 1 1 0 2 0 0 13 18 0 0 0 0
in the face of.chisq : 2 senses, 1470 lines, 0 significant
"" "h" "ah" "af" "c" "g" "l" "w" "wc" "ln" "pos" "ri" "s" "as" "cpa" "fn" "vn" "o"
"h" 0 0 0 0 0 0 0 0 0 0 0 0 0 0 0 0 0
"hl" 0 0 0 0 0 0 0 0 0 0 0 0 0 0 0 0 0
"l" 0 0 0 0 0 0 0 0 0 0 0 0 0 0 0 0 0
"vl" 0 0 0 0 0 0 0 0 0 0 0 0 0 0 0 0 0
"wl" 0 0 0 0 0 0 0 0 0 0 0 0 0 0 0 0 0
"c" 0 0 0 0 0 0 0 0 0 0 0 0 0 0 0 0 0
"hr" 0 0 0 0 0 0 0 0 0 0 0 0 0 0 0 0 0
in the name of.chisq : 3 senses, 2292 lines, 380 significant
"" "h" "ah" "af" "c" "g" "l" "w" "wc" "ln" "pos" "ri" "s" "as" "cpa" "fn" "vn" "o"
"h" 0 0 0 0 0 0 0 0 0 0 0 0 0 0 0 0 0
"hl" 0 0 0 0 0 0 0 0 0 0 0 0 0 0 0 0 0
"l" 17 17 0 0 47 1 1 0 0 0 0 19 64 0 0 0 0
"vl" 17 17 0 0 51 1 1 0 0 0 0 19 64 0 0 0 0
"wl" 0 0 0 0 0 0 0 0 0 0 0 0 0 0 0 0 0
"c" 11 11 0 0 0 0 0 0 1 0 0 0 0 0 0 0 0
"hr" 10 10 0 0 0 0 0 0 1 0 0 0 0 0 0 0 0
in the shape of.chisq : 2 senses, 1278 lines, 0 significant
"" "h" "ah" "af" "c" "g" "l" "w" "wc" "ln" "pos" "ri" "s" "as" "cpa" "fn" "vn" "o"
"h" 0 0 0 0 0 0 0 0 0 0 0 0 0 0 0 0 0
"hl" 0 0 0 0 0 0 0 0 0 0 0 0 0 0 0 0 0
"l" 0 0 0 0 0 0 0 0 0 0 0 0 0 0 0 0 0
"vl" 0 0 0 0 0 0 0 0 0 0 0 0 0 0 0 0 0
"wl" 0 0 0 0 0 0 0 0 0 0 0 0 0 0 0 0 0
"c" 0 0 0 0 0 0 0 0 0 0 0 0 0 0 0 0 0
"hr" 0 0 0 0 0 0 0 0 0 0 0 0 0 0 0 0 0
in the teeth of.chisq : 2 senses, 1725 lines, 894 significant
"" "h" "ah" "af" "c" "g" "l" "w" "wc" "ln" "pos" "ri" "s" "as" "cpa" "fn" "vn" "o"
"h" 0 0 0 0 0 0 0 0 0 0 0 0 0 0 0 0 0
"hl" 0 0 0 0 0 0 0 0 0 0 0 0 0 0 0 0 0
"l" 0 0 0 0 1 0 0 0 0 0 0 0 0 0 0 0 0
"vl" 0 0 0 0 1 0 0 0 0 0 0 0 0 0 0 0 0
"wl" 0 0 0 0 0 0 0 0 0 0 0 0 0 0 0 0 0
"c" 103 103 1 0 144 2 2 0 6 0 0 29 56 0 0 0 0
"hr" 103 103 1 0 144 2 2 0 6 0 0 29 56 0 0 0 0
in.chisq : 12 senses, 6825 lines, 848 significant
"" "h" "ah" "af" "c" "g" "l" "w" "wc" "ln" "pos" "ri" "s" "as" "cpa" "fn" "vn" "o"
"h" 20 20 1 0 64 1 0 0 3 0 0 10 32 0 0 0 0
"hl" 33 39 0 0 79 1 0 0 4 1 0 13 40 0 0 0 0
"l" 22 27 0 1 17 0 0 0 2 2 0 4 10 0 0 0 0
"vl" 10 10 0 0 15 0 0 0 0 1 0 4 10 0 0 0 0
"wl" 39 46 0 1 42 0 0 1 5 1 0 6 15 0 0 0 0
"c" 25 24 2 0 28 0 0 1 6 1 0 1 1 0 0 0 0
"hr" 36 36 2 1 22 0 0 1 7 2 0 0 0 0 0 0 0
inside of.chisq : 2 senses, 638 lines, 8 significant
"" "h" "ah" "af" "c" "g" "l" "w" "wc" "ln" "pos" "ri" "s" "as" "cpa" "fn" "vn" "o"
"h" 0 0 0 0 0 0 0 0 0 0 0 0 0 0 0 0 0
"hl" 0 0 0 0 0 0 0 0 0 0 0 0 0 0 0 0 0
"l" 0 0 0 0 0 0 0 0 0 0 0 0 0 0 0 0 0
"vl" 0 0 0 0 0 0 0 0 0 0 0 0 0 0 0 0 0
"wl" 0 0 0 0 0 0 0 0 0 0 0 0 0 0 0 0 0
"c" 2 2 0 0 0 0 0 0 0 0 0 0 0 0 0 0 0
"hr" 2 2 0 0 0 0 0 0 0 0 0 0 0 0 0 0 0
inside.chisq : 5 senses, 7520 lines, 5380 significant
"" "h" "ah" "af" "c" "g" "l" "w" "wc" "ln" "pos" "ri" "s" "as" "cpa" "fn" "vn" "o"
"h" 228 229 3 0 369 3 3 2 17 4 0 53 148 0 0 0 0
"hl" 207 207 2 0 364 3 3 2 17 3 0 52 145 0 0 0 0
"l" 230 229 1 0 355 3 3 1 11 4 0 54 147 0 0 0 0
"vl" 126 125 1 0 217 2 2 0 2 2 0 32 95 0 0 0 0
"wl" 208 208 2 0 335 3 2 3 19 3 0 47 122 0 0 0 0
"c" 101 101 1 0 108 2 2 0 6 1 0 13 26 0 0 0 0
"hr" 102 102 0 0 106 2 2 0 7 1 0 13 26 0 0 0 0
into.chisq : 8 senses, 11197 lines, 9179 significant
"" "h" "ah" "af" "c" "g" "l" "w" "wc" "ln" "pos" "ri" "s" "as" "cpa" "fn" "vn" "o"
"h" 381 381 7 0 668 9 8 2 21 5 0 123 314 0 0 0 0
"hl" 285 285 8 0 412 6 7 2 19 4 0 76 187 0 0 0 0
"l" 404 404 9 0 738 9 9 1 22 6 0 129 341 0 0 0 0
"vl" 330 330 3 0 698 6 4 0 14 4 0 110 309 0 0 0 0
"wl" 176 176 9 0 293 5 6 3 15 5 0 33 69 0 0 0 0
"c" 142 146 6 1 228 3 1 1 7 3 0 34 83 0 0 0 0
"hr" 141 145 6 1 216 3 1 1 10 3 0 34 83 0 0 0 0
like.chisq : 7 senses, 4898 lines, 3325 significant
"" "h" "ah" "af" "c" "g" "l" "w" "wc" "ln" "pos" "ri" "s" "as" "cpa" "fn" "vn" "o"
"h" 95 95 1 1 275 3 4 2 12 5 0 31 99 0 0 0 0
"hl" 89 89 2 1 264 2 4 2 11 4 0 31 93 0 0 0 0
"l" 93 93 2 1 299 3 4 1 12 4 0 32 101 0 0 0 0
"vl" 71 71 2 1 279 3 4 0 10 3 0 32 100 0 0 0 0
"wl" 90 90 1 0 261 3 3 3 11 5 0 31 93 0 0 0 0
"c" 41 41 0 1 55 2 1 1 3 6 0 6 6 0 0 0 0
"hr" 38 38 0 1 36 2 1 1 2 4 0 6 6 0 0 0 0
minus.chisq : 3 senses, 4047 lines, 1806 significant
"" "h" "ah" "af" "c" "g" "l" "w" "wc" "ln" "pos" "ri" "s" "as" "cpa" "fn" "vn" "o"
"h" 12 12 0 0 18 0 0 1 4 3 0 0 0 0 0 0 0
"hl" 128 128 4 0 194 2 0 2 15 4 0 45 95 0 0 0 0
"l" 91 91 3 0 104 2 0 1 7 2 0 44 87 0 0 0 0
"vl" 68 68 0 0 116 1 0 0 3 0 0 38 86 0 0 0 0
"wl" 18 18 1 1 8 4 3 1 1 4 0 6 7 0 0 0 0
"c" 18 18 0 0 3 0 0 1 2 0 1 0 0 0 0 0 0
"hr" 54 54 2 0 78 1 1 0 7 1 0 7 7 0 0 0 0
near to.chisq : 4 senses, 853 lines, 7 significant
"" "h" "ah" "af" "c" "g" "l" "w" "wc" "ln" "pos" "ri" "s" "as" "cpa" "fn" "vn" "o"
"h" 0 0 0 0 0 0 0 0 0 0 0 0 0 0 0 0 0
"hl" 0 0 0 0 1 0 0 0 0 0 0 0 0 0 0 0 0
"l" 0 0 0 0 6 0 0 0 0 0 0 0 0 0 0 0 0
"vl" 0 0 0 0 0 0 0 0 0 0 0 0 0 0 0 0 0
"wl" 0 0 0 0 0 0 0 0 0 0 0 0 0 0 0 0 0
"c" 0 0 0 0 0 0 0 0 0 0 0 0 0 0 0 0 0
"hr" 0 0 0 0 0 0 0 0 0 0 0 0 0 0 0 0 0
near.chisq : 4 senses, 2692 lines, 727 significant
"" "h" "ah" "af" "c" "g" "l" "w" "wc" "ln" "pos" "ri" "s" "as" "cpa" "fn" "vn" "o"
"h" 0 0 0 0 2 0 0 0 0 0 0 0 0 0 0 0 0
"hl" 5 5 0 0 3 0 0 0 2 0 0 0 0 0 0 0 0
"l" 5 5 0 0 6 0 0 0 2 0 0 0 0 0 0 0 0
"vl" 0 0 0 0 0 0 0 0 0 0 0 0 0 0 0 0 0
"wl" 0 0 0 0 1 0 0 0 0 0 0 0 0 0 0 0 0
"c" 88 88 0 0 126 1 1 0 7 0 0 14 21 0 0 0 0
"hr" 89 89 0 0 123 1 1 0 7 0 0 14 21 0 0 0 0
next door to.chisq : 2 senses, 1195 lines, 0 significant
"" "h" "ah" "af" "c" "g" "l" "w" "wc" "ln" "pos" "ri" "s" "as" "cpa" "fn" "vn" "o"
"h" 0 0 0 0 0 0 0 0 0 0 0 0 0 0 0 0 0
"hl" 0 0 0 0 0 0 0 0 0 0 0 0 0 0 0 0 0
"l" 0 0 0 0 0 0 0 0 0 0 0 0 0 0 0 0 0
"vl" 0 0 0 0 0 0 0 0 0 0 0 0 0 0 0 0 0
"wl" 0 0 0 0 0 0 0 0 0 0 0 0 0 0 0 0 0
"c" 0 0 0 0 0 0 0 0 0 0 0 0 0 0 0 0 0
"hr" 0 0 0 0 0 0 0 0 0 0 0 0 0 0 0 0 0
next to.chisq : 4 senses, 1461 lines, 650 significant
"" "h" "ah" "af" "c" "g" "l" "w" "wc" "ln" "pos" "ri" "s" "as" "cpa" "fn" "vn" "o"
"h" 0 0 0 0 0 0 0 0 0 0 0 0 0 0 0 0 0
"hl" 0 0 0 0 0 0 0 0 0 0 0 0 0 0 0 0 0
"l" 55 55 0 0 132 2 0 0 2 0 0 19 57 0 0 0 0
"vl" 55 55 0 0 137 2 0 0 2 0 0 19 57 0 0 0 0
"wl" 0 0 0 0 0 0 0 0 0 0 0 0 0 0 0 0 0
"c" 0 0 0 0 0 0 0 0 0 0 0 0 0 0 0 0 0
"hr" 0 0 0 0 1 0 0 0 0 0 0 0 0 0 0 0 0
of the order of.chisq : 2 senses, 2295 lines, 0 significant
"" "h" "ah" "af" "c" "g" "l" "w" "wc" "ln" "pos" "ri" "s" "as" "cpa" "fn" "vn" "o"
"h" 0 0 0 0 0 0 0 0 0 0 0 0 0 0 0 0 0
"hl" 0 0 0 0 0 0 0 0 0 0 0 0 0 0 0 0 0
"l" 0 0 0 0 0 0 0 0 0 0 0 0 0 0 0 0 0
"vl" 0 0 0 0 0 0 0 0 0 0 0 0 0 0 0 0 0
"wl" 0 0 0 0 0 0 0 0 0 0 0 0 0 0 0 0 0
"c" 0 0 0 0 0 0 0 0 0 0 0 0 0 0 0 0 0
"hr" 0 0 0 0 0 0 0 0 0 0 0 0 0 0 0 0 0
of.chisq : 15 senses, 4181 lines, 987 significant
"" "h" "ah" "af" "c" "g" "l" "w" "wc" "ln" "pos" "ri" "s" "as" "cpa" "fn" "vn" "o"
"h" 43 43 2 0 41 0 0 2 9 2 0 0 2 0 0 0 0
"hl" 62 62 3 0 50 0 0 2 11 2 0 0 2 0 0 0 0
"l" 58 58 4 0 48 0 0 1 10 2 0 2 15 0 0 0 0
"vl" 6 6 1 0 20 0 0 0 2 0 0 2 12 0 0 0 0
"wl" 60 60 3 0 50 0 0 2 10 2 0 0 2 0 0 0 0
"c" 38 37 0 1 10 0 0 0 3 2 0 0 0 0 0 0 0
"hr" 50 49 2 1 13 0 0 0 5 2 0 0 0 0 0 0 0
off.chisq : 7 senses, 8350 lines, 3538 significant
"" "h" "ah" "af" "c" "g" "l" "w" "wc" "ln" "pos" "ri" "s" "as" "cpa" "fn" "vn" "o"
"h" 121 121 1 0 257 2 2 1 9 2 0 41 81 0 0 0 0
"hl" 68 68 2 0 161 2 2 2 7 3 0 23 47 0 0 0 0
"l" 110 110 2 0 217 2 2 1 5 2 0 39 83 0 0 0 0
"vl" 97 97 2 0 214 2 2 0 3 1 0 38 78 0 0 0 0
"wl" 59 59 2 0 180 2 2 2 8 2 0 30 41 0 0 0 0
"c" 91 91 0 0 129 1 1 0 11 1 0 8 15 0 0 0 0
"hr" 159 159 2 1 257 4 4 0 11 2 0 20 54 0 0 0 0
on a level with.chisq : 2 senses, 2018 lines, 19 significant
"" "h" "ah" "af" "c" "g" "l" "w" "wc" "ln" "pos" "ri" "s" "as" "cpa" "fn" "vn" "o"
"h" 0 0 0 0 0 0 0 0 0 0 0 0 0 0 0 0 0
"hl" 0 0 0 0 0 0 0 0 0 0 0 0 0 0 0 0 0
"l" 0 0 0 0 0 0 0 0 0 0 0 0 0 0 0 0 0
"vl" 0 0 0 0 0 0 0 0 0 0 0 0 0 0 0 0 0
"wl" 0 0 0 0 0 0 0 0 0 0 0 0 0 0 0 0 0
"c" 0 0 0 0 8 0 0 0 1 0 0 0 0 0 0 0 0
"hr" 0 0 0 0 9 0 0 0 1 0 0 0 0 0 0 0 0
on the order of.chisq : 2 senses, 2271 lines, 0 significant
"" "h" "ah" "af" "c" "g" "l" "w" "wc" "ln" "pos" "ri" "s" "as" "cpa" "fn" "vn" "o"
"h" 0 0 0 0 0 0 0 0 0 0 0 0 0 0 0 0 0
"hl" 0 0 0 0 0 0 0 0 0 0 0 0 0 0 0 0 0
"l" 0 0 0 0 0 0 0 0 0 0 0 0 0 0 0 0 0
"vl" 0 0 0 0 0 0 0 0 0 0 0 0 0 0 0 0 0
"wl" 0 0 0 0 0 0 0 0 0 0 0 0 0 0 0 0 0
"c" 0 0 0 0 0 0 0 0 0 0 0 0 0 0 0 0 0
"hr" 0 0 0 0 0 0 0 0 0 0 0 0 0 0 0 0 0
on top of.chisq : 5 senses, 3183 lines, 1178 significant
"" "h" "ah" "af" "c" "g" "l" "w" "wc" "ln" "pos" "ri" "s" "as" "cpa" "fn" "vn" "o"
"h" 0 0 0 0 0 0 0 0 0 0 0 0 0 0 0 0 0
"hl" 0 0 0 0 0 0 0 0 0 0 0 0 0 0 0 0 0
"l" 38 38 0 0 247 1 1 0 3 0 0 27 70 0 0 0 0
"vl" 39 39 0 0 265 1 1 0 3 0 0 27 70 0 0 0 0
"wl" 0 0 0 0 0 0 0 0 0 0 0 0 0 0 0 0 0
"c" 18 18 2 0 97 1 2 1 4 1 0 3 6 0 0 0 0
"hr" 18 18 2 0 99 1 2 1 4 1 0 3 6 0 0 0 0
on.chisq : 22 senses, 10706 lines, 6472 significant
"" "h" "ah" "af" "c" "g" "l" "w" "wc" "ln" "pos" "ri" "s" "as" "cpa" "fn" "vn" "o"
"h" 250 250 0 0 563 4 2 1 17 1 0 112 320 0 0 0 0
"hl" 172 172 1 0 333 1 1 2 22 3 0 27 74 0 0 0 0
"l" 267 267 0 0 539 4 3 1 13 1 0 112 326 0 0 0 0
"vl" 200 200 0 1 534 4 3 0 3 0 0 111 319 0 0 0 0
"wl" 133 133 0 1 262 1 1 2 20 5 0 16 51 0 0 0 0
"c" 93 93 4 1 79 1 1 1 10 4 0 10 10 0 0 0 0
"hr" 90 90 4 1 83 1 1 1 9 4 0 10 10 0 0 0 0
onto.chisq : 2 senses, 852 lines, 31 significant
"" "h" "ah" "af" "c" "g" "l" "w" "wc" "ln" "pos" "ri" "s" "as" "cpa" "fn" "vn" "o"
"h" 0 0 0 0 1 0 0 0 0 0 0 0 0 0 0 0 0
"hl" 0 0 0 0 1 0 0 0 0 0 0 0 0 0 0 0 0
"l" 0 0 0 0 1 0 0 0 0 0 0 0 0 0 0 0 0
"vl" 0 0 0 0 1 0 0 0 0 0 0 0 0 0 0 0 0
"wl" 0 0 0 0 1 0 0 0 0 0 0 0 0 0 0 0 0
"c" 5 5 0 0 3 0 0 0 0 0 0 0 0 0 0 0 0
"hr" 5 5 0 0 3 0 0 0 0 0 0 0 0 0 0 0 0
opposite.chisq : 2 senses, 1594 lines, 58 significant
"" "h" "ah" "af" "c" "g" "l" "w" "wc" "ln" "pos" "ri" "s" "as" "cpa" "fn" "vn" "o"
"h" 0 0 0 0 9 0 0 0 0 0 0 0 2 0 0 0 0
"hl" 0 0 0 0 2 0 0 0 0 0 0 0 0 0 0 0 0
"l" 3 3 0 0 6 0 0 0 1 0 0 0 0 0 0 0 0
"vl" 3 3 0 0 11 0 0 0 1 0 0 0 0 0 0 0 0
"wl" 1 1 0 1 3 0 0 0 0 0 0 0 0 0 0 0 0
"c" 0 0 0 1 4 0 0 0 0 1 0 0 0 0 0 0 0
"hr" 0 0 0 1 0 0 0 0 0 1 0 0 0 0 0 0 0
out of.chisq : 8 senses, 4414 lines, 3270 significant
"" "h" "ah" "af" "c" "g" "l" "w" "wc" "ln" "pos" "ri" "s" "as" "cpa" "fn" "vn" "o"
"h" 0 0 0 0 0 0 0 0 0 0 0 0 0 0 0 0 0
"hl" 63 63 3 0 210 2 0 1 5 3 0 23 101 0 0 0 0
"l" 157 157 4 0 438 3 0 1 7 3 0 82 271 0 0 0 0
"vl" 129 129 3 0 442 3 0 0 6 0 0 82 272 0 0 0 0
"wl" 0 0 0 0 0 0 0 0 0 0 0 0 0 0 0 0 0
"c" 96 96 4 1 138 3 3 0 10 2 0 18 22 0 0 0 0
"hr" 39 39 3 1 86 2 2 0 7 1 0 15 19 0 0 0 0
outside of.chisq : 2 senses, 69 lines, 0 significant
"" "h" "ah" "af" "c" "g" "l" "w" "wc" "ln" "pos" "ri" "s" "as" "cpa" "fn" "vn" "o"
"h" 0 0 0 0 0 0 0 0 0 0 0 0 0 0 0 0 0
"hl" 0 0 0 0 0 0 0 0 0 0 0 0 0 0 0 0 0
"l" 0 0 0 0 0 0 0 0 0 0 0 0 0 0 0 0 0
"vl" 0 0 0 0 0 0 0 0 0 0 0 0 0 0 0 0 0
"wl" 0 0 0 0 0 0 0 0 0 0 0 0 0 0 0 0 0
"c" 0 0 0 0 0 0 0 0 0 0 0 0 0 0 0 0 0
"hr" 0 0 0 0 0 0 0 0 0 0 0 0 0 0 0 0 0
outside.chisq : 4 senses, 3973 lines, 2188 significant
"" "h" "ah" "af" "c" "g" "l" "w" "wc" "ln" "pos" "ri" "s" "as" "cpa" "fn" "vn" "o"
"h" 69 69 1 0 189 2 1 1 5 3 0 21 69 0 0 0 0
"hl" 65 65 1 0 185 2 1 1 6 2 0 21 68 0 0 0 0
"l" 49 49 4 0 167 2 1 1 3 1 0 20 66 0 0 0 0
"vl" 42 42 3 0 168 2 1 0 2 0 0 20 65 0 0 0 0
"wl" 34 34 0 0 115 1 0 0 3 0 0 13 43 0 0 0 0
"c" 35 35 3 0 71 1 1 1 4 1 1 12 16 0 0 0 0
"hr" 44 44 7 0 80 1 1 0 4 0 0 12 16 0 0 0 0
over against.chisq : 2 senses, 427 lines, 7 significant
"" "h" "ah" "af" "c" "g" "l" "w" "wc" "ln" "pos" "ri" "s" "as" "cpa" "fn" "vn" "o"
"h" 0 0 0 0 0 0 0 0 0 0 0 0 0 0 0 0 0
"hl" 0 0 0 0 0 0 0 0 0 0 0 0 0 0 0 0 0
"l" 0 0 0 0 0 0 0 0 1 0 0 0 0 0 0 0 0
"vl" 0 0 0 0 1 0 0 0 1 0 0 0 0 0 0 0 0
"wl" 0 0 0 0 0 0 0 0 0 0 0 0 0 0 0 0 0
"c" 1 1 0 0 0 0 0 0 0 0 0 0 0 0 0 0 0
"hr" 1 1 0 0 0 0 0 0 0 0 0 0 0 0 0 0 0
over.chisq : 16 senses, 17350 lines, 10338 significant
"" "h" "ah" "af" "c" "g" "l" "w" "wc" "ln" "pos" "ri" "s" "as" "cpa" "fn" "vn" "o"
"h" 236 236 5 0 509 6 3 2 22 6 0 84 244 0 0 0 0
"hl" 225 225 7 0 466 4 3 0 24 3 0 61 168 0 0 0 0
"l" 401 401 8 0 804 9 7 0 26 3 0 162 481 0 0 0 0
"vl" 261 261 5 0 629 7 5 0 11 2 0 140 416 0 0 0 0
"wl" 189 189 6 1 489 8 7 2 24 6 0 80 178 0 0 0 0
"c" 293 293 10 0 483 7 6 0 18 1 0 54 103 0 0 0 0
"hr" 286 286 11 0 521 8 6 0 16 1 0 64 114 0 0 0 0
past.chisq : 5 senses, 9183 lines, 5037 significant
"" "h" "ah" "af" "c" "g" "l" "w" "wc" "ln" "pos" "ri" "s" "as" "cpa" "fn" "vn" "o"
"h" 104 104 0 0 319 1 0 0 3 0 0 72 194 0 0 0 0
"hl" 172 172 0 0 399 2 2 0 12 0 0 74 195 0 0 0 0
"l" 170 170 0 0 418 2 2 0 8 0 0 83 217 0 0 0 0
"vl" 136 136 0 0 403 1 1 0 5 0 0 80 211 0 0 0 0
"wl" 188 188 0 1 401 3 3 1 13 2 0 73 194 0 0 0 0
"c" 9 9 0 0 6 0 0 0 2 1 0 0 1 0 0 0 0
"hr" 13 19 4 0 35 0 0 0 1 1 0 0 1 0 0 0 0
plus.chisq : 3 senses, 1778 lines, 498 significant
"" "h" "ah" "af" "c" "g" "l" "w" "wc" "ln" "pos" "ri" "s" "as" "cpa" "fn" "vn" "o"
"h" 13 13 0 0 10 0 0 0 1 2 0 0 0 0 0 0 0
"hl" 16 16 0 0 13 0 0 1 4 2 0 0 0 0 0 0 0
"l" 23 23 1 0 26 0 0 0 5 2 0 2 1 0 0 0 0
"vl" 8 8 0 0 23 0 0 0 3 0 0 2 2 0 0 0 0
"wl" 11 11 0 0 9 0 0 0 1 1 0 0 0 0 0 0 0
"c" 0 0 0 0 0 0 0 0 0 0 0 0 0 0 0 0 0
"hr" 60 60 4 1 84 2 2 0 5 0 0 9 18 0 0 0 0
relative to.chisq : 3 senses, 1147 lines, 2 significant
"" "h" "ah" "af" "c" "g" "l" "w" "wc" "ln" "pos" "ri" "s" "as" "cpa" "fn" "vn" "o"
"h" 0 0 0 0 0 0 0 0 0 0 0 0 0 0 0 0 0
"hl" 0 0 0 0 0 0 0 0 0 0 0 0 0 0 0 0 0
"l" 0 0 0 0 0 0 0 0 0 0 0 0 0 0 0 0 0
"vl" 0 0 0 0 0 0 0 0 0 0 0 0 0 0 0 0 0
"wl" 0 0 0 0 0 0 0 0 0 0 0 0 0 0 0 0 0
"c" 0 0 0 0 0 0 0 0 1 0 0 0 0 0 0 0 0
"hr" 0 0 0 0 0 0 0 0 1 0 0 0 0 0 0 0 0
round.chisq : 8 senses, 10511 lines, 4102 significant
"" "h" "ah" "af" "c" "g" "l" "w" "wc" "ln" "pos" "ri" "s" "as" "cpa" "fn" "vn" "o"
"h" 106 106 1 0 191 3 2 0 4 2 0 37 113 0 0 0 0
"hl" 90 90 3 0 223 4 3 2 9 2 0 27 68 0 0 0 0
"l" 156 156 3 0 265 6 5 1 10 3 0 54 140 0 0 0 0
"vl" 99 99 1 0 177 3 2 0 5 2 0 39 117 0 0 0 0
"wl" 80 80 3 0 184 4 4 2 11 3 0 27 40 0 0 0 0
"c" 93 93 3 0 204 2 2 1 9 1 0 12 17 0 0 0 0
"hr" 182 182 4 0 328 5 4 1 12 1 0 34 45 0 0 0 0
short of.chisq : 3 senses, 1795 lines, 72 significant
"" "h" "ah" "af" "c" "g" "l" "w" "wc" "ln" "pos" "ri" "s" "as" "cpa" "fn" "vn" "o"
"h" 0 0 0 0 0 0 0 0 0 0 0 0 0 0 0 0 0
"hl" 0 0 0 0 0 0 0 0 0 0 0 0 0 0 0 0 0
"l" 0 0 0 0 2 0 0 0 1 0 0 0 0 0 0 0 0
"vl" 0 0 0 0 4 0 0 0 1 0 0 0 0 0 0 0 0
"wl" 0 0 0 0 0 0 0 0 0 0 0 0 0 0 0 0 0
"c" 13 13 2 0 2 0 0 0 2 0 0 0 0 0 0 0 0
"hr" 13 13 2 0 2 0 0 0 2 0 0 0 0 0 0 0 0
than.chisq : 2 senses, 1538 lines, 410 significant
"" "h" "ah" "af" "c" "g" "l" "w" "wc" "ln" "pos" "ri" "s" "as" "cpa" "fn" "vn" "o"
"h" 0 0 0 0 11 1 1 1 1 2 0 0 0 0 0 0 0
"hl" 3 3 0 0 7 0 0 1 2 1 0 0 0 0 0 0 0
"l" 20 20 0 0 86 1 0 1 3 2 0 12 39 0 0 0 0
"vl" 17 17 0 0 85 1 0 0 1 1 0 12 41 0 0 0 0
"wl" 0 0 2 0 10 1 1 0 0 2 0 0 0 0 0 0 0
"c" 0 0 0 0 0 0 0 0 0 0 0 0 0 0 0 0 0
"hr" 0 0 0 0 1 0 0 0 0 0 0 0 0 0 0 0 0
this side of.chisq : 3 senses, 2348 lines, 20 significant
"" "h" "ah" "af" "c" "g" "l" "w" "wc" "ln" "pos" "ri" "s" "as" "cpa" "fn" "vn" "o"
"h" 0 0 0 0 0 0 0 0 0 0 0 0 0 0 0 0 0
"hl" 0 0 0 0 0 0 0 0 0 0 0 0 0 0 0 0 0
"l" 0 0 0 0 8 0 0 0 0 0 0 0 0 0 0 0 0
"vl" 0 0 0 0 8 0 0 0 0 0 0 0 0 0 0 0 0
"wl" 0 0 0 0 0 0 0 0 0 0 0 0 0 0 0 0 0
"c" 1 1 0 0 1 0 0 0 1 0 0 0 0 0 0 0 0
"hr" 0 0 0 0 0 0 0 0 0 0 0 0 0 0 0 0 0
through.chisq : 13 senses, 17029 lines, 10656 significant
"" "h" "ah" "af" "c" "g" "l" "w" "wc" "ln" "pos" "ri" "s" "as" "cpa" "fn" "vn" "o"
"h" 247 247 9 1 694 6 4 1 11 6 0 123 322 0 0 0 0
"hl" 296 296 6 1 668 8 6 1 26 6 0 121 289 0 0 0 0
"l" 347 347 7 1 719 8 6 1 21 7 0 142 365 0 0 0 0
"vl" 222 222 6 0 645 5 3 0 7 5 0 115 318 0 0 0 0
"wl" 256 256 10 1 651 9 6 2 26 8 0 115 286 0 0 0 0
"c" 250 250 11 1 413 7 8 0 18 2 0 34 64 0 0 0 0
"hr" 251 251 9 1 415 7 8 0 17 1 0 34 64 0 0 0 0
throughout.chisq : 2 senses, 2616 lines, 484 significant
"" "h" "ah" "af" "c" "g" "l" "w" "wc" "ln" "pos" "ri" "s" "as" "cpa" "fn" "vn" "o"
"h" 0 0 0 0 22 0 0 0 0 0 0 0 0 0 0 0 0
"hl" 0 0 0 0 8 0 0 0 1 0 0 0 0 0 0 0 0
"l" 28 28 1 0 53 0 0 0 0 0 0 5 17 0 0 0 0
"vl" 28 28 0 0 50 0 0 0 0 0 0 5 16 0 0 0 0
"wl" 0 0 0 0 7 0 0 0 0 0 0 0 0 0 0 0 0
"c" 29 29 0 0 26 0 0 0 3 0 0 2 2 0 0 0 0
"hr" 31 31 0 0 27 0 0 0 3 0 0 2 2 0 0 0 0
to.chisq : 15 senses, 2922 lines, 453 significant
"" "h" "ah" "af" "c" "g" "l" "w" "wc" "ln" "pos" "ri" "s" "as" "cpa" "fn" "vn" "o"
"h" 19 19 1 0 21 0 0 1 5 2 0 1 1 0 0 0 0
"hl" 12 12 0 1 19 0 0 1 6 2 0 0 0 0 0 0 0
"l" 18 18 0 1 15 0 1 1 4 2 0 1 1 0 0 0 0
"vl" 5 5 0 0 10 0 1 0 0 0 0 1 1 0 0 0 0
"wl" 15 15 0 1 27 0 0 1 6 2 0 0 0 0 0 0 0
"c" 26 26 0 0 23 0 0 0 5 2 0 0 0 0 0 0 0
"hr" 32 32 0 0 24 0 0 0 6 2 0 0 0 0 0 0 0
towards.chisq : 4 senses, 10042 lines, 7961 significant
"" "h" "ah" "af" "c" "g" "l" "w" "wc" "ln" "pos" "ri" "s" "as" "cpa" "fn" "vn" "o"
"h" 180 180 3 0 477 3 2 1 17 3 0 56 185 0 0 0 0
"hl" 203 203 6 0 520 4 3 1 21 2 0 72 230 0 0 0 0
"l" 309 309 6 0 779 6 4 0 18 4 0 128 382 0 0 0 0
"vl" 213 213 2 0 699 4 1 0 10 3 0 108 323 0 0 0 0
"wl" 162 162 7 0 409 2 2 2 21 2 0 42 133 0 0 0 0
"c" 109 109 8 0 227 5 5 0 11 0 0 29 79 0 0 0 0
"hr" 108 108 6 0 204 4 5 0 11 0 0 25 71 0 0 0 0
under cover of.chisq : 2 senses, 1425 lines, 0 significant
"" "h" "ah" "af" "c" "g" "l" "w" "wc" "ln" "pos" "ri" "s" "as" "cpa" "fn" "vn" "o"
"h" 0 0 0 0 0 0 0 0 0 0 0 0 0 0 0 0 0
"hl" 0 0 0 0 0 0 0 0 0 0 0 0 0 0 0 0 0
"l" 0 0 0 0 0 0 0 0 0 0 0 0 0 0 0 0 0
"vl" 0 0 0 0 0 0 0 0 0 0 0 0 0 0 0 0 0
"wl" 0 0 0 0 0 0 0 0 0 0 0 0 0 0 0 0 0
"c" 0 0 0 0 0 0 0 0 0 0 0 0 0 0 0 0 0
"hr" 0 0 0 0 0 0 0 0 0 0 0 0 0 0 0 0 0
under.chisq : 16 senses, 13561 lines, 6257 significant
"" "h" "ah" "af" "c" "g" "l" "w" "wc" "ln" "pos" "ri" "s" "as" "cpa" "fn" "vn" "o"
"h" 108 108 2 0 320 2 4 0 5 4 0 38 104 0 0 0 0
"hl" 72 72 1 0 202 2 3 0 9 1 0 22 86 0 0 0 0
"l" 132 132 1 0 372 3 4 0 8 2 0 56 162 0 0 0 0
"vl" 104 104 1 0 342 2 4 0 3 2 0 50 137 0 0 0 0
"wl" 52 52 1 1 291 5 4 0 6 3 0 45 91 0 0 0 0
"c" 340 340 8 1 535 7 7 0 18 4 0 64 141 0 0 0 0
"hr" 342 342 7 1 536 7 7 0 19 3 0 57 134 0 0 0 0
underneath.chisq : 3 senses, 1717 lines, 409 significant
"" "h" "ah" "af" "c" "g" "l" "w" "wc" "ln" "pos" "ri" "s" "as" "cpa" "fn" "vn" "o"
"h" 2 2 0 0 13 0 0 0 2 0 0 1 2 0 0 0 0
"hl" 4 4 0 0 2 0 0 0 1 0 0 0 0 0 0 0 0
"l" 12 12 0 0 29 0 0 0 4 0 0 0 0 0 0 0 0
"vl" 7 7 0 0 24 0 0 0 3 0 0 0 0 0 0 0 0
"wl" 0 0 0 0 2 0 0 0 0 0 0 0 0 0 0 0 0
"c" 27 27 1 0 67 1 1 0 3 0 0 4 9 0 0 0 0
"hr" 26 26 1 0 65 1 1 0 3 0 0 4 9 0 0 0 0
unlike.chisq : 3 senses, 1785 lines, 586 significant
"" "h" "ah" "af" "c" "g" "l" "w" "wc" "ln" "pos" "ri" "s" "as" "cpa" "fn" "vn" "o"
"h" 0 0 0 0 1 0 0 0 0 0 0 0 0 0 0 0 0
"hl" 27 27 0 0 130 1 0 1 3 1 0 12 41 0 0 0 0
"l" 0 0 0 0 1 0 0 0 0 0 0 0 0 0 0 0 0
"vl" 0 0 0 0 0 0 0 0 0 0 0 0 0 0 0 0 0
"wl" 28 28 0 1 147 2 1 1 3 1 0 12 41 0 0 0 0
"c" 9 9 5 0 11 0 1 0 0 2 0 0 0 0 0 0 0
"hr" 10 10 5 0 12 0 1 0 0 1 0 0 0 0 0 0 0
up against.chisq : 2 senses, 1668 lines, 1306 significant
"" "h" "ah" "af" "c" "g" "l" "w" "wc" "ln" "pos" "ri" "s" "as" "cpa" "fn" "vn" "o"
"h" 23 23 1 0 121 1 0 0 2 0 0 12 41 0 0 0 0
"hl" 31 31 4 0 129 1 1 0 3 2 0 12 41 0 0 0 0
"l" 58 58 4 0 166 1 1 0 4 2 0 18 66 0 0 0 0
"vl" 58 58 4 0 167 1 1 0 4 2 0 18 66 0 0 0 0
"wl" 0 0 0 0 50 0 0 1 1 2 0 4 4 0 0 0 0
"c" 2 2 0 0 0 0 0 0 0 0 0 0 0 0 0 0 0
"hr" 2 2 0 0 0 0 0 0 0 0 0 0 0 0 0 0 0
up and down.chisq : 2 senses, 962 lines, 452 significant
"" "h" "ah" "af" "c" "g" "l" "w" "wc" "ln" "pos" "ri" "s" "as" "cpa" "fn" "vn" "o"
"h" 0 0 0 0 0 0 0 0 0 0 0 0 0 0 0 0 0
"hl" 27 27 1 0 78 1 1 1 1 1 0 17 26 0 0 0 0
"l" 25 25 0 0 73 1 1 0 2 1 0 17 26 0 0 0 0
"vl" 3 3 0 0 5 0 0 0 2 0 0 0 0 0 0 0 0
"wl" 0 0 0 0 0 0 0 0 0 0 0 0 0 0 0 0 0
"c" 0 0 0 0 0 0 0 0 0 0 0 0 0 0 0 0 0
"hr" 17 17 0 0 38 0 0 0 1 0 0 7 7 0 0 0 0
up for.chisq : 4 senses, 3470 lines, 581 significant
"" "h" "ah" "af" "c" "g" "l" "w" "wc" "ln" "pos" "ri" "s" "as" "cpa" "fn" "vn" "o"
"h" 0 0 0 0 0 0 0 0 0 0 0 0 0 0 0 0 0
"hl" 0 0 0 0 1 0 0 0 0 0 0 0 0 0 0 0 0
"l" 0 0 0 0 13 0 0 0 2 0 0 0 0 0 0 0 0
"vl" 0 0 0 0 12 0 0 0 2 0 0 0 0 0 0 0 0
"wl" 0 0 0 0 0 0 0 0 0 0 0 0 0 0 0 0 0
"c" 62 62 4 0 108 3 3 1 4 2 0 10 17 0 0 0 0
"hr" 62 62 4 0 107 3 3 1 4 2 0 10 17 0 0 0 0
up to.chisq : 7 senses, 2963 lines, 2542 significant
"" "h" "ah" "af" "c" "g" "l" "w" "wc" "ln" "pos" "ri" "s" "as" "cpa" "fn" "vn" "o"
"h" 7 7 1 0 41 0 0 1 6 0 0 0 0 0 0 0 0
"hl" 49 49 1 0 202 2 1 1 4 1 0 35 95 0 0 0 0
"l" 49 49 2 0 199 2 1 1 4 2 0 35 95 0 0 0 0
"vl" 47 47 2 0 201 2 1 0 4 2 0 35 95 0 0 0 0
"wl" 0 0 0 0 50 0 0 1 1 1 0 4 4 0 0 0 0
"c" 142 142 1 0 205 2 2 0 9 0 0 16 35 0 0 0 0
"hr" 143 143 1 0 197 2 2 0 10 0 0 16 35 0 0 0 0
up.chisq : 4 senses, 504 lines, 0 significant
"" "h" "ah" "af" "c" "g" "l" "w" "wc" "ln" "pos" "ri" "s" "as" "cpa" "fn" "vn" "o"
"h" 0 0 0 0 0 0 0 0 0 0 0 0 0 0 0 0 0
"hl" 0 0 0 0 0 0 0 0 0 0 0 0 0 0 0 0 0
"l" 0 0 0 0 0 0 0 0 0 0 0 0 0 0 0 0 0
"vl" 0 0 0 0 0 0 0 0 0 0 0 0 0 0 0 0 0
"wl" 0 0 0 0 0 0 0 0 0 0 0 0 0 0 0 0 0
"c" 0 0 0 0 0 0 0 0 0 0 0 0 0 0 0 0 0
"hr" 0 0 0 0 0 0 0 0 0 0 0 0 0 0 0 0 0
versus.chisq : 2 senses, 1883 lines, 143 significant
"" "h" "ah" "af" "c" "g" "l" "w" "wc" "ln" "pos" "ri" "s" "as" "cpa" "fn" "vn" "o"
"h" 1 1 0 0 0 0 0 0 0 1 0 0 0 0 0 0 0
"hl" 12 10 0 1 3 0 0 0 0 2 0 0 0 0 0 0 0
"l" 13 11 1 1 1 0 0 0 1 2 0 0 0 0 0 0 0
"vl" 1 1 0 0 2 0 0 0 1 0 0 0 0 0 0 0 0
"wl" 12 10 0 1 6 0 0 1 1 3 0 0 0 0 0 0 0
"c" 7 7 0 1 5 0 0 0 1 1 0 0 0 0 0 0 0
"hr" 9 9 0 1 0 0 0 0 1 1 0 0 0 0 0 0 0
via.chisq : 3 senses, 4331 lines, 1841 significant
"" "h" "ah" "af" "c" "g" "l" "w" "wc" "ln" "pos" "ri" "s" "as" "cpa" "fn" "vn" "o"
"h" 43 43 2 0 172 2 2 0 9 1 0 29 111 0 0 0 0
"hl" 13 13 1 0 87 1 1 0 5 1 0 19 75 0 0 0 0
"l" 52 52 2 0 176 2 2 0 11 1 0 29 111 0 0 0 0
"vl" 49 49 2 0 168 2 2 0 9 1 0 29 111 0 0 0 0
"wl" 12 12 1 0 74 1 1 0 4 0 0 19 75 0 0 0 0
"c" 18 19 1 1 24 1 1 0 3 1 0 3 4 0 0 0 0
"hr" 18 19 1 1 24 1 1 0 3 1 0 3 4 0 0 0 0
vis-a-vis.chisq : 2 senses, 1527 lines, 26 significant
"" "h" "ah" "af" "c" "g" "l" "w" "wc" "ln" "pos" "ri" "s" "as" "cpa" "fn" "vn" "o"
"h" 0 0 0 0 5 0 0 0 0 0 0 0 0 0 0 0 0
"hl" 0 0 1 0 3 0 0 0 1 0 0 0 0 0 0 0 0
"l" 1 1 0 0 4 0 0 0 1 0 0 0 0 0 0 0 0
"vl" 1 1 0 0 2 0 0 0 0 0 0 0 0 0 0 0 0
"wl" 0 0 1 0 0 0 0 0 0 1 0 0 0 0 0 0 0
"c" 0 0 0 0 1 0 0 0 0 0 0 0 0 0 0 0 0
"hr" 0 0 0 0 2 0 0 0 0 0 0 0 0 0 0 0 0
with.chisq : 14 senses, 10456 lines, 6556 significant
"" "h" "ah" "af" "c" "g" "l" "w" "wc" "ln" "pos" "ri" "s" "as" "cpa" "fn" "vn" "o"
"h" 276 276 5 0 582 5 4 1 15 3 0 93 239 0 0 0 0
"hl" 112 112 6 0 263 3 3 2 19 5 0 27 87 0 0 0 0
"l" 288 288 6 0 623 6 6 1 14 4 0 94 241 0 0 0 0
"vl" 230 230 0 0 531 4 3 0 5 1 0 80 210 0 0 0 0
"wl" 95 95 5 1 258 4 4 2 18 5 0 26 86 0 0 0 0
"c" 102 102 6 1 177 3 3 0 14 3 0 20 40 0 0 0 0
"hr" 105 105 5 1 184 3 3 0 14 3 0 20 40 0 0 0 0
within sight of.chisq : 2 senses, 1769 lines, 20 significant
"" "h" "ah" "af" "c" "g" "l" "w" "wc" "ln" "pos" "ri" "s" "as" "cpa" "fn" "vn" "o"
"h" 0 0 0 0 0 0 0 0 0 0 0 0 0 0 0 0 0
"hl" 0 0 0 0 0 0 0 0 0 0 0 0 0 0 0 0 0
"l" 0 0 0 0 0 0 0 0 0 0 0 0 0 0 0 0 0
"vl" 0 0 0 0 0 0 0 0 0 0 0 0 0 0 0 0 0
"wl" 0 0 0 0 0 0 0 0 0 0 0 0 0 0 0 0 0
"c" 3 3 0 0 3 0 0 0 1 0 0 0 0 0 0 0 0
"hr" 3 3 0 0 3 0 0 0 1 0 0 0 0 0 0 0 0
within.chisq : 6 senses, 7196 lines, 4209 significant
"" "h" "ah" "af" "c" "g" "l" "w" "wc" "ln" "pos" "ri" "s" "as" "cpa" "fn" "vn" "o"
"h" 69 69 2 0 221 3 2 1 3 2 0 28 110 0 0 0 0
"hl" 92 92 0 0 285 4 3 0 7 3 0 34 118 0 0 0 0
"l" 81 81 1 0 232 4 3 0 5 2 0 35 125 0 0 0 0
"vl" 45 45 2 0 218 3 2 0 1 1 0 29 114 0 0 0 0
"wl" 60 60 1 0 211 4 2 1 8 2 0 29 87 0 0 0 0
"c" 127 127 8 0 268 6 5 0 14 2 0 39 75 0 0 0 0
"hr" 190 190 9 0 338 7 6 1 21 3 0 41 90 0 0 0 0
without.chisq : 3 senses, 4172 lines, 321 significant
"" "h" "ah" "af" "c" "g" "l" "w" "wc" "ln" "pos" "ri" "s" "as" "cpa" "fn" "vn" "o"
"h" 0 0 0 0 8 0 0 0 0 0 0 0 0 0 0 0 0
"hl" 2 2 0 0 8 0 0 0 0 0 0 0 1 0 0 0 0
"l" 2 2 0 0 11 0 0 0 0 0 0 0 1 0 0 0 0
"vl" 1 1 0 0 5 0 0 0 0 0 0 0 0 0 0 0 0
"wl" 2 2 0 0 12 0 0 0 0 0 0 0 1 0 0 0 0
"c" 34 34 3 0 47 0 0 2 9 1 0 2 2 0 0 0 0
"hr" 27 29 3 0 53 0 0 1 8 1 0 2 2 0 0 0 0
